
__MAGICC 5.X DATA FILE__ 

Data: landuseEmissions 
Gas: CH4 
Unit:  Standard MAGICC - see scenario files 
Description: CH4 emissions according to (priority ordered) EDGAR32 (2000-2000); EDGAR-HYDE 1.4 (1890-1995); EDGAR-HYDE 1.3 - scaled by 1.4 1890 sectors - (1890-1990) 
Source: EDGAR - www.mnp.nl  
Compiled by: Malte Meinshausen, Lauder NZ, NCAR/PIK, malte.meinshausen@gmail.com 
Date: 18-Jul-2006 10:47:16  

&THISFILE_SPECIFICATIONS 
 THISFILE_DATACOLUMNS    =    2  ,
 THISFILE_FIRSTYEAR      = 1765  ,
 THISFILE_LASTYEAR       = 2000  ,
 THISFILE_ANNUALSTEPS    =    1  ,
 THISFILE_FIRSTDATAROW   =   21  ,
/  

       YEARS    EMIS-NH             EMIS-SH
       1765     3.21429459e+001     8.92557139e-001 
       1766     3.32641086e+001     8.92596965e-001 
       1767     3.43588922e+001     8.92720429e-001 
       1768     3.54276108e+001     8.92933510e-001 
       1769     3.64705784e+001     8.93242188e-001 
       1770     3.74881091e+001     8.93652442e-001 
       1771     3.84805168e+001     8.94170252e-001 
       1772     3.94481157e+001     8.94801596e-001 
       1773     4.03912196e+001     8.95552455e-001 
       1774     4.13101428e+001     8.96428807e-001 
       1775     4.22051992e+001     8.97436633e-001 
       1776     4.30767029e+001     8.98581910e-001 
       1777     4.39249679e+001     8.99870620e-001 
       1778     4.47503082e+001     9.01308741e-001 
       1779     4.55530379e+001     9.02902253e-001 
       1780     4.63334709e+001     9.04657135e-001 
       1781     4.70919215e+001     9.06579366e-001 
       1782     4.78287035e+001     9.08674926e-001 
       1783     4.85441310e+001     9.10949794e-001 
       1784     4.92385181e+001     9.13409950e-001 
       1785     4.99121787e+001     9.16061373e-001 
       1786     5.05654270e+001     9.18910042e-001 
       1787     5.11985770e+001     9.21961937e-001 
       1788     5.18119426e+001     9.25223037e-001 
       1789     5.24058380e+001     9.28699322e-001 
       1790     5.29805772e+001     9.32396770e-001 
       1791     5.35364742e+001     9.36321362e-001 
       1792     5.40738430e+001     9.40479077e-001 
       1793     5.45929977e+001     9.44875894e-001 
       1794     5.50942523e+001     9.49517792e-001 
       1795     5.55779209e+001     9.54410751e-001 
       1796     5.60443174e+001     9.59560751e-001 
       1797     5.64937560e+001     9.64973770e-001 
       1798     5.69265507e+001     9.70655788e-001 
       1799     5.73430155e+001     9.76612785e-001 
       1800     5.77434643e+001     9.82850739e-001 
       1801     5.81282114e+001     9.89375631e-001 
       1802     5.84975707e+001     9.96193440e-001 
       1803     5.88518562e+001     1.00331014e+000 
       1804     5.91913820e+001     1.01073172e+000 
       1805     5.95164622e+001     1.01846416e+000 
       1806     5.98274107e+001     1.02651343e+000 
       1807     6.01245416e+001     1.03488551e+000 
       1808     6.04081689e+001     1.04358639e+000 
       1809     6.06786066e+001     1.05262203e+000 
       1810     6.09361689e+001     1.06199843e+000 
       1811     6.11811697e+001     1.07172156e+000 
       1812     6.14139231e+001     1.08179741e+000 
       1813     6.16347432e+001     1.09223194e+000 
       1814     6.18439438e+001     1.10303114e+000 
       1815     6.20418392e+001     1.11420099e+000 
       1816     6.22287432e+001     1.12574746e+000 
       1817     6.24049701e+001     1.13767655e+000 
       1818     6.25708337e+001     1.14999422e+000 
       1819     6.27266481e+001     1.16270646e+000 
       1820     6.28727274e+001     1.17581924e+000 
       1821     6.30093857e+001     1.18933855e+000 
       1822     6.31369368e+001     1.20327037e+000 
       1823     6.32556950e+001     1.21762066e+000 
       1824     6.33659741e+001     1.23239542e+000 
       1825     6.34680883e+001     1.24760063e+000 
       1826     6.35623516e+001     1.26324225e+000 
       1827     6.36490780e+001     1.27932628e+000 
       1828     6.37285816e+001     1.29585869e+000 
       1829     6.38011764e+001     1.31284545e+000 
       1830     6.38671764e+001     1.33029256e+000 
       1831     6.39268957e+001     1.34820599e+000 
       1832     6.39806483e+001     1.36659171e+000 
       1833     6.40287482e+001     1.38545571e+000 
       1834     6.40715095e+001     1.40480397e+000 
       1835     6.41092462e+001     1.42464247e+000 
       1836     6.41422724e+001     1.44497718e+000 
       1837     6.41709021e+001     1.46581409e+000 
       1838     6.41954492e+001     1.48715917e+000 
       1839     6.42162280e+001     1.50901841e+000 
       1840     6.42335523e+001     1.53139777e+000 
       1841     6.42477363e+001     1.55430326e+000 
       1842     6.42590940e+001     1.57774083e+000 
       1843     6.42679393e+001     1.60171648e+000 
       1844     6.42745864e+001     1.62623618e+000 
       1845     6.42793493e+001     1.65130590e+000 
       1846     6.42825420e+001     1.67693164e+000 
       1847     6.42844786e+001     1.70311937e+000 
       1848     6.42854730e+001     1.72987506e+000 
       1849     6.42858394e+001     1.75720471e+000 
       1850     6.42858918e+001     1.78511428e+000 
       1851     6.31797081e+001     1.98320137e+000 
       1852     7.03569187e+001     2.01349705e+000 
       1853     7.00829695e+001     2.03214054e+000 
       1854     6.97557884e+001     2.05078403e+000 
       1855     6.93701821e+001     2.06243621e+000 
       1856     7.00388260e+001     2.06942752e+000 
       1857     7.07204533e+001     2.07408839e+000 
       1858     7.13903955e+001     2.07641883e+000 
       1859     7.20616361e+001     2.08107970e+000 
       1860     7.27302800e+001     2.08341014e+000 
       1861     7.41117113e+001     2.35374076e+000 
       1862     6.64580107e+001     2.41433211e+000 
       1863     6.64151656e+001     2.47259302e+000 
       1864     6.64008838e+001     2.52619305e+000 
       1865     6.64047789e+001     2.57513222e+000 
       1866     6.63723204e+001     2.61708007e+000 
       1867     6.61113545e+001     2.65669749e+000 
       1868     6.58270186e+001     2.69165404e+000 
       1869     6.55491743e+001     2.72894102e+000 
       1870     6.53193686e+001     2.76156713e+000 
       1871     6.70292793e+001     4.31829864e+000 
       1872     7.79080507e+001     4.80069897e+000 
       1873     7.89428258e+001     5.20852534e+000 
       1874     7.95660279e+001     5.36699502e+000 
       1875     8.03086770e+001     5.49516902e+000 
       1876     8.09967960e+001     5.85871710e+000 
       1877     8.16498599e+001     5.99388241e+000 
       1878     8.23003270e+001     6.10574336e+000 
       1879     8.29300208e+001     6.20362168e+000 
       1880     8.35895764e+001     6.29450870e+000 
       1881     8.79442009e+001     6.37374354e+000 
       1882     8.17121801e+001     6.44831751e+000 
       1883     8.20328695e+001     6.52522191e+000 
       1884     8.21938633e+001     6.60212631e+000 
       1885     8.23198021e+001     6.67670027e+000 
       1886     8.22328135e+001     7.04957010e+000 
       1887     8.19718476e+001     7.16376148e+000 
       1888     8.16199981e+001     7.26630068e+000 
       1889     8.13875957e+001     7.35019639e+000 
       1890     8.11448065e+001     7.42943123e+000 
       1891     8.13035423e+001     7.49888486e+000 
       1892     8.17376721e+001     7.56064798e+000 
       1893     8.23840791e+001     7.61737848e+000 
       1894     8.31796467e+001     7.67173422e+000 
       1895     8.40612583e+001     7.72637309e+000 
       1896     8.49657971e+001     7.78395295e+000 
       1897     8.58301465e+001     7.84713168e+000 
       1898     8.65911899e+001     7.91856715e+000 
       1899     8.71858107e+001     8.00091725e+000 
       1900     8.75508920e+001     8.09683985e+000 
       1901     8.77535644e+001     8.22663555e+000 
       1902     8.79108737e+001     8.40286572e+000 
       1903     8.80345769e+001     8.61657937e+000 
       1904     8.81364309e+001     8.85882549e+000 
       1905     8.82281926e+001     9.12065309e+000 
       1906     8.83216188e+001     9.39311116e+000 
       1907     8.84284666e+001     9.66724871e+000 
       1908     8.85604927e+001     9.93411474e+000 
       1909     8.87294542e+001     1.01847582e+001 
       1910     8.89471078e+001     1.04102282e+001 
       1911     8.93468305e+001     1.06208764e+001 
       1912     9.00206671e+001     1.08318979e+001 
       1913     9.09183765e+001     1.10416068e+001 
       1914     9.19897172e+001     1.12483171e+001 
       1915     9.31844483e+001     1.14503429e+001 
       1916     9.44523283e+001     1.16459984e+001 
       1917     9.57431162e+001     1.18335976e+001 
       1918     9.70065707e+001     1.20114546e+001 
       1919     9.81924505e+001     1.21778835e+001 
       1920     9.92505145e+001     1.23311984e+001 
       1921     1.00270270e+002     1.24704122e+001 
       1922     1.01353773e+002     1.25975119e+001 
       1923     1.02469612e+002     1.27152725e+001 
       1924     1.03586370e+002     1.28264690e+001 
       1925     1.04672633e+002     1.29338762e+001 
       1926     1.05696987e+002     1.30402693e+001 
       1927     1.06628017e+002     1.31484230e+001 
       1928     1.07434308e+002     1.32611125e+001 
       1929     1.08084446e+002     1.33811126e+001 
       1930     1.08547016e+002     1.35111984e+001 
       1931     1.08866014e+002     1.36460272e+001 
       1932     1.09117791e+002     1.37800432e+001 
       1933     1.09319466e+002     1.39157012e+001 
       1934     1.09488158e+002     1.40554560e+001 
       1935     1.09640983e+002     1.42017625e+001 
       1936     1.09795062e+002     1.43570756e+001 
       1937     1.09967512e+002     1.45238502e+001 
       1938     1.10175451e+002     1.47045410e+001 
       1939     1.10435999e+002     1.49016029e+001 
       1940     1.10766273e+002     1.51174909e+001 
       1941     1.11250443e+002     1.53633654e+001 
       1942     1.11944518e+002     1.56468880e+001 
       1943     1.12823376e+002     1.59652655e+001 
       1944     1.13861894e+002     1.63157043e+001 
       1945     1.15034949e+002     1.66954111e+001 
       1946     1.16317419e+002     1.71015926e+001 
       1947     1.17684180e+002     1.75314553e+001 
       1948     1.19110112e+002     1.79822058e+001 
       1949     1.20570090e+002     1.84510507e+001 
       1950     1.22038993e+002     1.89351966e+001 
       1951     1.23700250e+002     1.94704478e+001 
       1952     1.25694660e+002     2.00834721e+001 
       1953     1.27933153e+002     2.07577716e+001 
       1954     1.30326662e+002     2.14768484e+001 
       1955     1.32786116e+002     2.22242047e+001 
       1956     1.35222448e+002     2.29833425e+001 
       1957     1.37546589e+002     2.37377640e+001 
       1958     1.39669469e+002     2.44709712e+001 
       1959     1.41502020e+002     2.51664663e+001 
       1960     1.42955173e+002     2.58077514e+001 
       1961     1.44066720e+002     2.64025325e+001 
       1962     1.44972206e+002     2.69729161e+001 
       1963     1.45729183e+002     2.75240054e+001 
       1964     1.46395208e+002     2.80609034e+001 
       1965     1.47027834e+002     2.85887133e+001 
       1966     1.47684617e+002     2.91125381e+001 
       1967     1.48423111e+002     2.96374810e+001 
       1968     1.49300872e+002     3.01686450e+001 
       1969     1.50375454e+002     3.07111333e+001 
       1970     1.51704412e+002     3.12700488e+001 
       1971     1.54131488e+002     3.18526537e+001 
       1972     1.54564298e+002     3.21920339e+001 
       1973     1.56542646e+002     3.26870728e+001 
       1974     1.58150591e+002     3.32124089e+001 
       1975     1.60109478e+002     3.37385101e+001 
       1976     1.60553196e+002     3.40059896e+001 
       1977     1.61447618e+002     3.43142568e+001 
       1978     1.61775511e+002     3.45475595e+001 
       1979     1.61745164e+002     3.47610520e+001 
       1980     1.63243285e+002     3.52178491e+001 
       1981     1.63823533e+002     3.53559054e+001 
       1982     1.63804847e+002     3.54556282e+001 
       1983     1.64666355e+002     3.56019149e+001 
       1984     1.65763872e+002     3.58088205e+001 
       1985     1.65590574e+002     3.58424178e+001 
       1986     1.67041622e+002     3.61112093e+001 
       1987     1.66730101e+002     3.61138848e+001 
       1988     1.67869176e+002     3.62606429e+001 
       1989     1.70581849e+002     3.67466621e+001 
       1990     1.69239820e+002     3.66726175e+001 
       1991     1.69480169e+002     3.66476093e+001 
       1992     1.69628936e+002     3.65543631e+001 
       1993     1.69591067e+002     3.64685602e+001 
       1994     1.71533807e+002     3.67330712e+001 
       1995     1.73191894e+002     3.69225971e+001 
       1996     1.73498451e+002     3.76940151e+001 
       1997     1.73721250e+002     3.93735294e+001 
       1998     1.73869271e+002     4.18958993e+001 
       1999     1.73951498e+002     4.51958837e+001 
       2000     1.73976911e+002     4.92082420e+001 
