
__MAGICC 5.X DATA FILE__ 

Data: Relative Sea Level since 1870 
Unit: Millimeter (mm) 
Description:  -  
Source: Figure 2 in Church, J. A., and N. J. White (2006), A 20th century acceleration in global sea-level rise, Geophys. Res. Lett., 33, L01602, doi:10.1029/2005GL024826. 
Compiled by: Malte Meinshausen, Lauder NZ, NCAR/PIK, malte.meinshausen@gmail.com 
Date: 18-Jul-2006 10:44:24  

&THISFILE_SPECIFICATIONS 
 THISFILE_DATACOLUMNS    =    1  ,
 THISFILE_FIRSTYEAR      = 1870  ,
 THISFILE_LASTYEAR       = 2001  ,
 THISFILE_ANNUALSTEPS    =    1  ,
 THISFILE_FIRSTDATAROW   =   20  ,
/  

       YEARS    GLOBAL  
       1870    -7.41250000e+001 
       1871    -7.73850000e+001 
       1872    -6.89666667e+001 
       1873    -7.27116667e+001 
       1874    -7.43508333e+001 
       1875    -7.79908333e+001 
       1876    -6.55491667e+001 
       1877    -5.54058333e+001 
       1878    -5.39508333e+001 
       1879    -6.60375000e+001 
       1880    -6.51850000e+001 
       1881    -6.14641667e+001 
       1882    -7.40350000e+001 
       1883    -7.27066667e+001 
       1884    -6.17841667e+001 
       1885    -6.42333333e+001 
       1886    -5.84491667e+001 
       1887    -6.17558333e+001 
       1888    -6.50283333e+001 
       1889    -5.92091667e+001 
       1890    -5.94583333e+001 
       1891    -5.89133333e+001 
       1892    -5.53150000e+001 
       1893    -4.98508333e+001 
       1894    -5.73275000e+001 
       1895    -4.55116667e+001 
       1896    -5.11158333e+001 
       1897    -4.73383333e+001 
       1898    -4.27933333e+001 
       1899    -3.83025000e+001 
       1900    -4.68025000e+001 
       1901    -5.04658333e+001 
       1902    -4.83325000e+001 
       1903    -4.10583333e+001 
       1904    -4.37641667e+001 
       1905    -4.78491667e+001 
       1906    -4.15950000e+001 
       1907    -4.39566667e+001 
       1908    -4.65708333e+001 
       1909    -4.23833333e+001 
       1910    -4.46608333e+001 
       1911    -3.65425000e+001 
       1912    -3.97266667e+001 
       1913    -3.84833333e+001 
       1914    -3.02875000e+001 
       1915    -2.38558333e+001 
       1916    -3.25941667e+001 
       1917    -3.69158333e+001 
       1918    -3.39308333e+001 
       1919    -3.18550000e+001 
       1920    -3.24083333e+001 
       1921    -3.40475000e+001 
       1922    -3.51750000e+001 
       1923    -3.20666667e+001 
       1924    -3.95508333e+001 
       1925    -4.10241667e+001 
       1926    -3.55350000e+001 
       1927    -3.30525000e+001 
       1928    -3.39216667e+001 
       1929    -3.68116667e+001 
       1930    -2.91925000e+001 
       1931    -2.92333333e+001 
       1932    -2.43066667e+001 
       1933    -2.25400000e+001 
       1934    -2.86808333e+001 
       1935    -2.03383333e+001 
       1936    -2.05658333e+001 
       1937    -1.73241667e+001 
       1938    -1.21558333e+001 
       1939    -1.17841667e+001 
       1940    -1.64716667e+001 
       1941    -1.52000000e+000 
       1942    -3.85000000e-001 
       1943    -2.79666667e+000 
       1944    -4.69416667e+000 
       1945    -2.05166667e+000 
       1946     3.68416667e+000 
       1947     3.96750000e+000 
       1948     1.00425000e+001 
       1949     9.61583333e+000 
       1950     1.45225000e+001 
       1951     2.51441667e+001 
       1952     2.21325000e+001 
       1953     2.46166667e+001 
       1954     2.29708333e+001 
       1955     2.61333333e+001 
       1956     2.09450000e+001 
       1957     3.54791667e+001 
       1958     3.86450000e+001 
       1959     3.73191667e+001 
       1960     3.87383333e+001 
       1961     4.30000000e+001 
       1962     3.93125000e+001 
       1963     3.96000000e+001 
       1964     3.39416667e+001 
       1965     4.51616667e+001 
       1966     3.86691667e+001 
       1967     3.80791667e+001 
       1968     3.92566667e+001 
       1969     4.85858333e+001 
       1970     4.64433333e+001 
       1971     5.43958333e+001 
       1972     5.88966667e+001 
       1973     5.85083333e+001 
       1974     6.66641667e+001 
       1975     6.55408333e+001 
       1976     6.29108333e+001 
       1977     5.86033333e+001 
       1978     6.39500000e+001 
       1979     6.32625000e+001 
       1980     6.84808333e+001 
       1981     7.91700000e+001 
       1982     7.27850000e+001 
       1983     7.83150000e+001 
       1984     7.76466667e+001 
       1985     6.79950000e+001 
       1986     6.71341667e+001 
       1987     7.27083333e+001 
       1988     7.39625000e+001 
       1989     7.48908333e+001 
       1990     8.12433333e+001 
       1991     9.11683333e+001 
       1992     9.37500000e+001 
       1993     8.84233333e+001 
       1994     9.16175000e+001 
       1995     9.82650000e+001 
       1996     1.02401667e+002 
       1997     1.11840833e+002 
       1998     1.05353333e+002 
       1999     1.10132500e+002 
       2000     1.13702500e+002 
       2001     1.16038333e+002 
