MAGICC 6.X DATA FILE  updated on 05 Feb 2014, 13:32:09 
 
 
 
DATA:  Historical fossil&industrial CH4 (CH4I) Emissions (HISTEDGAR_CH4I_EMIS) 
 
DESCRIPTION: MAGICC 6.X data file - Historical fossil&industrial CH4 (CH4I) Emissions (Emissiosn|CH4 - Emissions|CH4|AFOLU)
COMPILED BY: Peter Kolp, kolp@iiasa.ac.at
SOURCE:      EDGAR (default) data from IPCC WGIII History Database (https://tntcat.iiasa.ac.at/AR5HistoryDB/) (Total - AFOLU)
CONTACT:     Peter Kolp, kolp@iiasa.ac.at
 


&THISFILE_SPECIFICATIONS 
 THISFILE_DATACOLUMNS    =    6  ,
 THISFILE_FIRSTYEAR      = 1765  ,
 THISFILE_LASTYEAR       = 2010  ,
 THISFILE_ANNUALSTEPS    =    1  ,
 THISFILE_FIRSTDATAROW   =   24  ,
 THISFILE_UNITS          = 'MtCH4' ,
 THISFILE_DATTYPE        = 'REGIONDATA' ,
/  
    COLCODE              R5OECD               R5REF              R5ASIA               R5MAF               R5LAM             BUNKERS 
       1765     0.000000000e+00     0.000000000e+00     0.000000000e+00     0.000000000e+00     0.000000000e+00     0.000000000e+00 
       1766     5.471369756e-01     1.212493267e-01     4.436212578e-01     1.275176017e-01     5.077504730e-02     3.330551889e-05 
       1767     5.640587376e-01     1.249993058e-01     4.573415031e-01     1.314614450e-01     5.234540953e-02     3.433558637e-05 
       1768     5.815038537e-01     1.288652638e-01     4.714860855e-01     1.355272629e-01     5.396433978e-02     3.539751176e-05 
       1769     5.994885090e-01     1.328507872e-01     4.860681298e-01     1.397188278e-01     5.563333994e-02     3.649228014e-05 
       1770     6.180293905e-01     1.369595741e-01     5.011011646e-01     1.440400280e-01     5.735395874e-02     3.762090746e-05 
       1771     6.371437010e-01     1.411954375e-01     5.165991387e-01     1.484948747e-01     5.912779248e-02     3.878444068e-05 
       1772     6.568491764e-01     1.455623070e-01     5.325764315e-01     1.530874994e-01     6.095648707e-02     3.998395939e-05 
       1773     6.771640993e-01     1.500642337e-01     5.490478675e-01     1.578221645e-01     6.284173931e-02     4.122057672e-05 
       1774     6.981073195e-01     1.547053961e-01     5.660287294e-01     1.627032632e-01     6.478529823e-02     4.249543985e-05 
       1775     7.196982674e-01     1.594900990e-01     5.835347727e-01     1.677353226e-01     6.678896728e-02     4.380973187e-05 
       1776     7.419569767e-01     1.644227820e-01     6.015822400e-01     1.729230133e-01     6.885460540e-02     4.516467196e-05 
       1777     7.649041000e-01     1.695080229e-01     6.201878766e-01     1.782711478e-01     7.098412925e-02     4.656151749e-05 
       1778     7.885609269e-01     1.747505385e-01     6.393689428e-01     1.837846877e-01     7.317951469e-02     4.800156445e-05 
       1779     8.129494096e-01     1.801551944e-01     6.591432391e-01     1.894687507e-01     7.544279871e-02     4.948614891e-05 
       1780     8.380921749e-01     1.857270049e-01     6.795291150e-01     1.953286091e-01     7.777608113e-02     5.101664846e-05 
       1781     8.640125514e-01     1.914711389e-01     7.005454785e-01     2.013696994e-01     8.018152696e-02     5.259448284e-05 
       1782     8.907345892e-01     1.973929271e-01     7.222118339e-01     2.075976282e-01     8.266136824e-02     5.422111643e-05 
       1783     9.182830818e-01     2.034978627e-01     7.445482822e-01     2.140181735e-01     8.521790527e-02     5.589805816e-05 
       1784     9.466835892e-01     2.097916107e-01     7.675755517e-01     2.206372928e-01     8.785351061e-02     5.762686405e-05 
       1785     9.759624629e-01     2.162800110e-01     7.913149987e-01     2.274611262e-01     9.057062963e-02     5.940913818e-05 
       1786     1.006146869e+00     2.229690843e-01     8.157886576e-01     2.344960059e-01     9.337178291e-02     6.124653424e-05 
       1787     1.037264813e+00     2.298650350e-01     8.410192344e-01     2.417484607e-01     9.625957025e-02     6.314075691e-05 
       1788     1.069345170e+00     2.369742627e-01     8.670301379e-01     2.492252169e-01     9.923666991e-02     6.509356389e-05 
       1789     1.102417704e+00     2.443033637e-01     8.938455056e-01     2.569332129e-01     1.023058451e-01     6.710676679e-05 
       1790     1.136513092e+00     2.518591380e-01     9.214902154e-01     2.648796014e-01     1.054699437e-01     6.918223390e-05 
       1791     1.171662985e+00     2.596485955e-01     9.499899112e-01     2.730717537e-01     1.087319006e-01     7.132189058e-05 
       1792     1.207899981e+00     2.676789647e-01     9.793710403e-01     2.815172725e-01     1.120947432e-01     7.352772218e-05 
       1793     1.245257709e+00     2.759576952e-01     1.009660866e+00     2.902239917e-01     1.155615905e-01     7.580177552e-05 
       1794     1.283770841e+00     2.844924699e-01     1.040887494e+00     2.991999916e-01     1.191356609e-01     7.814616033e-05 
       1795     1.323475088e+00     2.932912063e-01     1.073079888e+00     3.084535993e-01     1.228202683e-01     8.056305188e-05 
       1796     1.364407306e+00     3.023620679e-01     1.106267929e+00     3.179934008e-01     1.266188333e-01     8.305469262e-05 
       1797     1.406605475e+00     3.117134719e-01     1.140482396e+00     3.278282481e-01     1.305348800e-01     8.562339448e-05 
       1798     1.450108737e+00     3.213540945e-01     1.175755048e+00     3.379672665e-01     1.345720409e-01     8.827154075e-05 
       1799     1.494957460e+00     3.312928816e-01     1.212118610e+00     3.484198624e-01     1.387340632e-01     9.100158837e-05 
       1800     1.541193256e+00     3.415390528e-01     1.249606811e+00     3.591957348e-01     1.430248074e-01     9.381607045e-05 
       1801     1.588859027e+00     3.521021165e-01     1.288254447e+00     3.703048808e-01     1.474482546e-01     9.671759842e-05 
       1802     1.637998998e+00     3.629918726e-01     1.328097370e+00     3.817576095e-01     1.520085102e-01     9.970886432e-05 
       1803     1.688658765e+00     3.742184258e-01     1.369172541e+00     3.935645462e-01     1.567098044e-01     1.027926437e-04 
       1804     1.740885322e+00     3.857921910e-01     1.411518086e+00     4.057366450e-01     1.615564998e-01     1.059717977e-04 
       1805     1.794727131e+00     3.977239082e-01     1.455173282e+00     4.182852011e-01     1.665530924e-01     1.092492758e-04 
       1806     1.850234159e+00     4.100246476e-01     1.500178644e+00     4.312218568e-01     1.717042183e-01     1.126281194e-04 
       1807     1.907457900e+00     4.227058221e-01     1.546575920e+00     4.445586149e-01     1.770146583e-01     1.161114634e-04 
       1808     1.966451444e+00     4.357791989e-01     1.594408166e+00     4.583078503e-01     1.824893387e-01     1.197025395e-04 
       1809     2.027269523e+00     4.492569057e-01     1.643719758e+00     4.724823208e-01     1.881333385e-01     1.234046800e-04 
       1810     2.089968585e+00     4.631514494e-01     1.694556455e+00     4.870951758e-01     1.939518954e-01     1.272213199e-04 
       1811     2.154606791e+00     4.774757209e-01     1.746965412e+00     5.021599755e-01     1.999504080e-01     1.311560000e-04 
       1812     2.221244113e+00     4.922430112e-01     1.800995275e+00     5.176906966e-01     2.061344415e-01     1.352123704e-04 
       1813     2.289942377e+00     5.074670215e-01     1.856696158e+00     5.337017490e-01     2.125097331e-01     1.393941967e-04 
       1814     2.360765342e+00     5.231618780e-01     1.914119750e+00     5.502079883e-01     2.190821990e-01     1.437053572e-04 
       1815     2.433778704e+00     5.393421427e-01     1.973319329e+00     5.672247299e-01     2.258579373e-01     1.481498530e-04 
       1816     2.509050213e+00     5.560228270e-01     2.034349823e+00     5.847677627e-01     2.328432343e-01     1.527318066e-04 
       1817     2.586649701e+00     5.732194092e-01     2.097267863e+00     6.028533632e-01     2.400445715e-01     1.574554709e-04 
       1818     2.666649174e+00     5.909478446e-01     2.162131817e+00     6.214983133e-01     2.474686307e-01     1.623252277e-04 
       1819     2.749122865e+00     6.092245820e-01     2.229001869e+00     6.407199107e-01     2.551222992e-01     1.673455956e-04 
       1820     2.834147282e+00     6.280665794e-01     2.297940072e+00     6.605359904e-01     2.630126794e-01     1.725212325e-04 
       1821     2.921801324e+00     6.474913188e-01     2.369010382e+00     6.809649377e-01     2.711470928e-01     1.778569415e-04 
       1822     3.012166308e+00     6.675168241e-01     2.442278745e+00     7.020257091e-01     2.795330849e-01     1.833576716e-04 
       1823     3.105326094e+00     6.881616745e-01     2.517813140e+00     7.237378448e-01     2.881784383e-01     1.890285270e-04 
       1824     3.201367104e+00     7.094450249e-01     2.595683651e+00     7.461214893e-01     2.970911730e-01     1.948747704e-04 
       1825     3.300378455e+00     7.313866239e-01     2.675962526e+00     7.691974113e-01     3.062795601e-01     2.009018252e-04 
       1826     3.402452022e+00     7.540068288e-01     2.758724254e+00     7.929870230e-01     3.157521235e-01     2.071152828e-04 
       1827     3.507682496e+00     7.773266272e-01     2.844045624e+00     8.175123940e-01     3.255176532e-01     2.135209109e-04 
       1828     3.616167519e+00     8.013676572e-01     2.932005800e+00     8.427962835e-01     3.355852102e-01     2.201246502e-04 
       1829     3.728007757e+00     8.261522235e-01     3.022686386e+00     8.688621472e-01     3.459641335e-01     2.269326287e-04 
       1830     3.843306956e+00     8.517033236e-01     3.116171532e+00     8.957341720e-01     3.566640551e-01     2.339511645e-04 
       1831     3.962172120e+00     8.780446634e-01     3.212547976e+00     9.234372913e-01     3.676949028e-01     2.411867666e-04 
       1832     4.084713531e+00     9.052006833e-01     3.311905128e+00     9.519972077e-01     3.790669100e-01     2.486461513e-04 
       1833     4.211044871e+00     9.331965776e-01     3.414335181e+00     9.814404203e-01     3.907906288e-01     2.563362389e-04 
       1834     4.341283374e+00     9.620583271e-01     3.519933178e+00     1.011794247e+00     4.028769364e-01     2.642641634e-04 
       1835     4.475549876e+00     9.918127152e-01     3.628797092e+00     1.043086853e+00     4.153370480e-01     2.724372817e-04 
       1836     4.613968944e+00     1.022487337e+00     3.741027930e+00     1.075347272e+00     4.281825241e-01     2.808631770e-04 
       1837     4.756669010e+00     1.054110651e+00     3.856729823e+00     1.108605435e+00     4.414252826e-01     2.895496679e-04 
       1838     4.903782490e+00     1.086712008e+00     3.976010126e+00     1.142892200e+00     4.550776109e-01     2.985048122e-04 
       1839     5.055445862e+00     1.120321660e+00     4.098979516e+00     1.178239382e+00     4.691521757e-01     3.077369194e-04 
       1840     5.211799863e+00     1.154970783e+00     4.225752077e+00     1.214679775e+00     4.836620368e-01     3.172545559e-04 
       1841     5.372989548e+00     1.190691536e+00     4.356445438e+00     1.252247191e+00     4.986206566e-01     3.270665528e-04 
       1842     5.539164482e+00     1.227517040e+00     4.491180863e+00     1.290976485e+00     5.140419140e-01     3.371820128e-04 
       1843     5.710478849e+00     1.265481484e+00     4.630083368e+00     1.330903594e+00     5.299401180e-01     3.476103225e-04 
       1844     5.887091597e+00     1.304620094e+00     4.773281821e+00     1.372065560e+00     5.463300186e-01     3.583611579e-04 
       1845     6.069166587e+00     1.344969163e+00     4.920909092e+00     1.414500578e+00     5.632268231e-01     3.694444926e-04 
       1846     6.256872773e+00     1.386566153e+00     5.073102158e+00     1.458248024e+00     5.806462097e-01     3.808706101e-04 
       1847     6.450384307e+00     1.429449638e+00     5.230002226e+00     1.503348470e+00     5.986043393e-01     3.926501140e-04 
       1848     6.649880720e+00     1.473659425e+00     5.391754873e+00     1.549843786e+00     6.171178758e-01     4.047939319e-04 
       1849     6.855547139e+00     1.519236514e+00     5.558510177e+00     1.597777099e+00     6.362039958e-01     4.173133319e-04 
       1850     7.067574366e+00     1.566223214e+00     5.730422862e+00     1.647192885e+00     6.558804079e-01     4.302199298e-04 
       1851     7.161504111e+00     1.585443476e+00     5.714841002e+00     1.656721660e+00     6.634422516e-01     5.341053893e-04 
       1852     7.255433856e+00     1.604663738e+00     5.699259148e+00     1.666250435e+00     6.710040953e-01     6.379908488e-04 
       1853     7.349363591e+00     1.623884001e+00     5.683677288e+00     1.675779196e+00     6.785659390e-01     7.418763083e-04 
       1854     7.443293336e+00     1.643104263e+00     5.668095434e+00     1.685307971e+00     6.861277827e-01     8.457617679e-04 
       1855     7.537223070e+00     1.662324525e+00     5.652513574e+00     1.694836746e+00     6.936896264e-01     9.496472274e-04 
       1856     7.631152815e+00     1.681544788e+00     5.636931714e+00     1.704365521e+00     7.012514701e-01     1.053532687e-03 
       1857     7.725082550e+00     1.700765050e+00     5.621349861e+00     1.713894296e+00     7.088133138e-01     1.157418146e-03 
       1858     7.819012295e+00     1.719985312e+00     5.605768001e+00     1.723423057e+00     7.163751575e-01     1.261303606e-03 
       1859     7.912942030e+00     1.739205575e+00     5.590186147e+00     1.732951832e+00     7.239370012e-01     1.365189065e-03 
       1860     8.006871775e+00     1.758425837e+00     5.574604287e+00     1.742480607e+00     7.314988449e-01     1.469074525e-03 
       1861     8.048252634e+00     1.782123580e+00     5.442845572e+00     1.714697894e+00     7.346708093e-01     1.531582950e-03 
       1862     8.089633492e+00     1.805821315e+00     5.311086858e+00     1.686915181e+00     7.378427737e-01     1.594091375e-03 
       1863     8.131014341e+00     1.829519058e+00     5.179328144e+00     1.659132468e+00     7.410147382e-01     1.656599800e-03 
       1864     8.172395199e+00     1.853216792e+00     5.047569429e+00     1.631349755e+00     7.441867026e-01     1.719108225e-03 
       1865     8.213776058e+00     1.876914536e+00     4.915810715e+00     1.603567042e+00     7.473586671e-01     1.781616650e-03 
       1866     8.255156916e+00     1.900612279e+00     4.784052000e+00     1.575784329e+00     7.505306315e-01     1.844125076e-03 
       1867     8.296537775e+00     1.924310013e+00     4.652293286e+00     1.548001616e+00     7.537025960e-01     1.906633501e-03 
       1868     8.337918624e+00     1.948007757e+00     4.520534571e+00     1.520218903e+00     7.568745604e-01     1.969141926e-03 
       1869     8.379299482e+00     1.971705491e+00     4.388775857e+00     1.492436190e+00     7.600465249e-01     2.031650351e-03 
       1870     8.420680341e+00     1.995403234e+00     4.257017142e+00     1.464653477e+00     7.632184893e-01     2.094158776e-03 
       1871     8.864952704e+00     2.049853285e+00     4.361813054e+00     1.511585799e+00     7.824100267e-01     2.233727183e-03 
       1872     9.309225068e+00     2.104303336e+00     4.466608966e+00     1.558518121e+00     8.016015641e-01     2.373295589e-03 
       1873     9.753497431e+00     2.158753377e+00     4.571404878e+00     1.605450443e+00     8.207930982e-01     2.512863996e-03 
       1874     1.019776979e+01     2.213203428e+00     4.676200790e+00     1.652382765e+00     8.399846372e-01     2.652432402e-03 
       1875     1.064204217e+01     2.267653479e+00     4.780996701e+00     1.699315087e+00     8.591761762e-01     2.792000809e-03 
       1876     1.108631456e+01     2.322103529e+00     4.885792613e+00     1.746247409e+00     8.783677152e-01     2.931569216e-03 
       1877     1.153058685e+01     2.376553580e+00     4.990588525e+00     1.793179732e+00     8.975592542e-01     3.071137622e-03 
       1878     1.197485925e+01     2.431003622e+00     5.095384437e+00     1.840112054e+00     9.167507851e-01     3.210706029e-03 
       1879     1.241913164e+01     2.485453673e+00     5.200180349e+00     1.887044376e+00     9.359423241e-01     3.350274436e-03 
       1880     1.286340393e+01     2.539903723e+00     5.304976260e+00     1.933976698e+00     9.551338631e-01     3.489842842e-03 
       1881     1.332275739e+01     2.597444862e+00     5.421514609e+00     1.982770900e+00     9.826879499e-01     3.706218160e-03 
       1882     1.378211084e+01     2.654985992e+00     5.538052957e+00     2.031565103e+00     1.010242029e+00     3.922593478e-03 
       1883     1.424146430e+01     2.712527130e+00     5.654591299e+00     2.080359305e+00     1.037796115e+00     4.138968795e-03 
       1884     1.470081765e+01     2.770068260e+00     5.771129647e+00     2.129153508e+00     1.065350194e+00     4.355344113e-03 
       1885     1.516017110e+01     2.827609398e+00     5.887667995e+00     2.177947710e+00     1.092904281e+00     4.571719430e-03 
       1886     1.561952456e+01     2.885150537e+00     6.004206344e+00     2.226741913e+00     1.120458367e+00     4.788094748e-03 
       1887     1.607887801e+01     2.942691667e+00     6.120744692e+00     2.275536115e+00     1.148012446e+00     5.004470066e-03 
       1888     1.653823137e+01     3.000232805e+00     6.237283034e+00     2.324330318e+00     1.175566533e+00     5.220845383e-03 
       1889     1.699758482e+01     3.057773935e+00     6.353821407e+00     2.373124520e+00     1.203120611e+00     5.437220701e-03 
       1890     1.745693827e+01     3.115315073e+00     6.470359755e+00     2.421918722e+00     1.230674698e+00     5.653596019e-03 
       1891     1.800815003e+01     3.190365995e+00     6.513965754e+00     2.436307475e+00     1.249603490e+00     5.946651712e-03 
       1892     1.855936178e+01     3.265416917e+00     6.557571752e+00     2.450696228e+00     1.268532282e+00     6.239707405e-03 
       1893     1.911057353e+01     3.340467838e+00     6.601177751e+00     2.465084966e+00     1.287461066e+00     6.532763099e-03 
       1894     1.966178528e+01     3.415518760e+00     6.644783750e+00     2.479473719e+00     1.306389858e+00     6.825818792e-03 
       1895     2.021299703e+01     3.490569681e+00     6.688389748e+00     2.493862472e+00     1.325318650e+00     7.118874485e-03 
       1896     2.076420878e+01     3.565620603e+00     6.731995747e+00     2.508251224e+00     1.344247442e+00     7.411930179e-03 
       1897     2.131542063e+01     3.640671524e+00     6.775601745e+00     2.522639977e+00     1.363176234e+00     7.704985872e-03 
       1898     2.186663239e+01     3.715722446e+00     6.819207744e+00     2.537028716e+00     1.382105018e+00     7.998041565e-03 
       1899     2.241784414e+01     3.790773367e+00     6.862813742e+00     2.551417469e+00     1.401033810e+00     8.291097259e-03 
       1900     2.296905589e+01     3.865824289e+00     6.906419741e+00     2.565806221e+00     1.419962602e+00     8.584152952e-03 
       1901     2.372588862e+01     3.963360668e+00     6.958092603e+00     2.609867691e+00     1.450045794e+00     9.029810185e-03 
       1902     2.448272134e+01     4.060897046e+00     7.009765528e+00     2.653929160e+00     1.480128987e+00     9.475467418e-03 
       1903     2.523955407e+01     4.158433425e+00     7.061438390e+00     2.697990643e+00     1.510212180e+00     9.921124652e-03 
       1904     2.599638690e+01     4.255969804e+00     7.113111316e+00     2.742052113e+00     1.540295372e+00     1.036678188e-02 
       1905     2.675321963e+01     4.353506182e+00     7.164784178e+00     2.786113582e+00     1.570378565e+00     1.081243912e-02 
       1906     2.751005236e+01     4.451042561e+00     7.216457103e+00     2.830175051e+00     1.600461758e+00     1.125809635e-02 
       1907     2.826688509e+01     4.548578939e+00     7.268129965e+00     2.874236521e+00     1.630544950e+00     1.170375358e-02 
       1908     2.902371792e+01     4.646115318e+00     7.319802890e+00     2.918298004e+00     1.660628143e+00     1.214941082e-02 
       1909     2.978055065e+01     4.743651697e+00     7.371475752e+00     2.962359474e+00     1.690711336e+00     1.259506805e-02 
       1910     3.053738337e+01     4.841188075e+00     7.423148677e+00     3.006420943e+00     1.720794528e+00     1.304072528e-02 
       1911     3.072135183e+01     4.777417041e+00     7.491026705e+00     3.053258741e+00     1.753944249e+00     1.352446963e-02 
       1912     3.090532019e+01     4.713646006e+00     7.558904671e+00     3.100096538e+00     1.787093969e+00     1.400821398e-02 
       1913     3.108928865e+01     4.649874971e+00     7.626782699e+00     3.146934336e+00     1.820243681e+00     1.449195834e-02 
       1914     3.127325710e+01     4.586103937e+00     7.694660728e+00     3.193772133e+00     1.853393401e+00     1.497570269e-02 
       1915     3.145722556e+01     4.522332902e+00     7.762538756e+00     3.240609931e+00     1.886543122e+00     1.545944704e-02 
       1916     3.164119392e+01     4.458561867e+00     7.830416784e+00     3.287447728e+00     1.919692842e+00     1.594319139e-02 
       1917     3.182516238e+01     4.394790833e+00     7.898294812e+00     3.334285526e+00     1.952842562e+00     1.642693574e-02 
       1918     3.200913084e+01     4.331019798e+00     7.966172841e+00     3.381123323e+00     1.985992275e+00     1.691068009e-02 
       1919     3.219309919e+01     4.267248763e+00     8.034050869e+00     3.427961121e+00     2.019141995e+00     1.739442444e-02 
       1920     3.237706765e+01     4.203477729e+00     8.101928897e+00     3.474798918e+00     2.052291715e+00     1.787816879e-02 
       1921     3.252871757e+01     4.333658613e+00     8.170041518e+00     3.521080740e+00     2.094051479e+00     1.770949727e-02 
       1922     3.268036738e+01     4.463839497e+00     8.238154202e+00     3.567362562e+00     2.135811251e+00     1.754082575e-02 
       1923     3.283201730e+01     4.594020381e+00     8.306266823e+00     3.613644383e+00     2.177571015e+00     1.737215423e-02 
       1924     3.298366721e+01     4.724201265e+00     8.374379444e+00     3.659926205e+00     2.219330787e+00     1.720348271e-02 
       1925     3.313531703e+01     4.854382149e+00     8.442492128e+00     3.706208026e+00     2.261090551e+00     1.703481119e-02 
       1926     3.328696695e+01     4.984563032e+00     8.510604749e+00     3.752489848e+00     2.302850315e+00     1.686613967e-02 
       1927     3.343861676e+01     5.114743916e+00     8.578717370e+00     3.798771669e+00     2.344610087e+00     1.669746815e-02 
       1928     3.359026668e+01     5.244924800e+00     8.646830053e+00     3.845053491e+00     2.386369850e+00     1.652879663e-02 
       1929     3.374191659e+01     5.375105684e+00     8.714942674e+00     3.891335312e+00     2.428129622e+00     1.636012511e-02 
       1930     3.389356641e+01     5.505286568e+00     8.783055358e+00     3.937617134e+00     2.469889386e+00     1.619145359e-02 
       1931     3.403595092e+01     5.847882187e+00     8.904316823e+00     4.004351362e+00     2.501251477e+00     1.602784348e-02 
       1932     3.417833534e+01     6.190477806e+00     9.025578351e+00     4.071085591e+00     2.532613569e+00     1.586423338e-02 
       1933     3.432071985e+01     6.533073425e+00     9.146839879e+00     4.137819820e+00     2.563975660e+00     1.570062327e-02 
       1934     3.446310437e+01     6.875669044e+00     9.268101407e+00     4.204554048e+00     2.595337751e+00     1.553701316e-02 
       1935     3.460548878e+01     7.218264662e+00     9.389362935e+00     4.271288277e+00     2.626699842e+00     1.537340305e-02 
       1936     3.474787329e+01     7.560860281e+00     9.510624400e+00     4.338022506e+00     2.658061933e+00     1.520979294e-02 
       1937     3.489025781e+01     7.903455900e+00     9.631885928e+00     4.404756734e+00     2.689424024e+00     1.504618283e-02 
       1938     3.503264222e+01     8.246051519e+00     9.753147456e+00     4.471490963e+00     2.720786115e+00     1.488257272e-02 
       1939     3.517502674e+01     8.588647138e+00     9.874408984e+00     4.538225192e+00     2.752148206e+00     1.471896262e-02 
       1940     3.531741125e+01     8.931242756e+00     9.995670511e+00     4.604959420e+00     2.783510298e+00     1.455535251e-02 
       1941     3.535442253e+01     9.042795942e+00     1.005995702e+01     4.723444829e+00     2.853412992e+00     1.492394976e-02 
       1942     3.539143390e+01     9.154349039e+00     1.012424359e+01     4.841930238e+00     2.923315686e+00     1.529254701e-02 
       1943     3.542844528e+01     9.265902225e+00     1.018853009e+01     4.960415647e+00     2.993218373e+00     1.566114426e-02 
       1944     3.546545665e+01     9.377455321e+00     1.025281666e+01     5.078901056e+00     3.063121067e+00     1.602974151e-02 
       1945     3.550246803e+01     9.489008507e+00     1.031710323e+01     5.197386465e+00     3.133023762e+00     1.639833877e-02 
       1946     3.553947930e+01     9.600561604e+00     1.038138974e+01     5.315871874e+00     3.202926456e+00     1.676693602e-02 
       1947     3.557649068e+01     9.712114789e+00     1.044567630e+01     5.434357283e+00     3.272829150e+00     1.713553327e-02 
       1948     3.561350205e+01     9.823667886e+00     1.050996287e+01     5.552842692e+00     3.342731837e+00     1.750413052e-02 
       1949     3.565051343e+01     9.935221072e+00     1.057424938e+01     5.671328101e+00     3.412634531e+00     1.787272777e-02 
       1950     3.568752480e+01     1.004677417e+01     1.063853595e+01     5.789813510e+00     3.482537226e+00     1.824132502e-02 
       1951     3.584673975e+01     1.065440032e+01     1.142775008e+01     6.017163244e+00     3.597137887e+00     1.885856409e-02 
       1952     3.600595470e+01     1.126202647e+01     1.221696415e+01     6.244512977e+00     3.711738548e+00     1.947580315e-02 
       1953     3.616516965e+01     1.186965271e+01     1.300617829e+01     6.471862710e+00     3.826339209e+00     2.009304222e-02 
       1954     3.632438460e+01     1.247727886e+01     1.379539242e+01     6.699212443e+00     3.940939870e+00     2.071028128e-02 
       1955     3.648359955e+01     1.308490501e+01     1.458460656e+01     6.926562176e+00     4.055540531e+00     2.132752034e-02 
       1956     3.664281450e+01     1.369253116e+01     1.537382069e+01     7.153911910e+00     4.170141192e+00     2.194475941e-02 
       1957     3.680202945e+01     1.430015731e+01     1.616303477e+01     7.381261643e+00     4.284741853e+00     2.256199847e-02 
       1958     3.696124450e+01     1.490778355e+01     1.695224890e+01     7.608611376e+00     4.399342514e+00     2.317923754e-02 
       1959     3.712045945e+01     1.551540970e+01     1.774146304e+01     7.835961109e+00     4.513943175e+00     2.379647660e-02 
       1960     3.727967440e+01     1.612303585e+01     1.853067717e+01     8.063310842e+00     4.628543836e+00     2.441371566e-02 
       1961     3.753492154e+01     1.671987413e+01     1.880273393e+01     8.596533335e+00     4.766869522e+00     2.532464310e-02 
       1962     3.779016868e+01     1.731671249e+01     1.907479075e+01     9.129755828e+00     4.905195208e+00     2.623557053e-02 
       1963     3.804541581e+01     1.791355077e+01     1.934684750e+01     9.662978321e+00     5.043520894e+00     2.714649796e-02 
       1964     3.830066295e+01     1.851038914e+01     1.961890432e+01     1.019620081e+01     5.181846580e+00     2.805742540e-02 
       1965     3.855591009e+01     1.910722742e+01     1.989096107e+01     1.072942331e+01     5.320172266e+00     2.896835283e-02 
       1966     3.881115723e+01     1.970406570e+01     2.016301789e+01     1.126264580e+01     5.458497952e+00     2.987928027e-02 
       1967     3.906640437e+01     2.030090407e+01     2.043507465e+01     1.179586829e+01     5.596823639e+00     3.079020770e-02 
       1968     3.932165151e+01     2.089774235e+01     2.070713146e+01     1.232909079e+01     5.735149325e+00     3.170113513e-02 
       1969     3.957689864e+01     2.149458072e+01     2.097918822e+01     1.286231328e+01     5.873475011e+00     3.261206257e-02 
       1970     3.983214578e+01     2.209141900e+01     2.125124504e+01     1.339553577e+01     6.011800697e+00     3.352299000e-02 
       1971     3.854015707e+01     2.235573050e+01     2.149376174e+01     1.429126641e+01     6.089401338e+00     3.417807000e-02 
       1972     3.869226674e+01     2.288459399e+01     2.217058899e+01     1.551536384e+01     6.155911234e+00     3.629115000e-02 
       1973     3.900172042e+01     2.379475968e+01     2.273869345e+01     1.751259681e+01     6.335292153e+00     3.865663000e-02 
       1974     3.830079065e+01     2.467703981e+01     2.323739570e+01     1.762957813e+01     6.553759757e+00     3.631397000e-02 
       1975     3.821254604e+01     2.566002973e+01     2.480827886e+01     1.662101951e+01     6.589991032e+00     3.377790000e-02 
       1976     3.870445381e+01     2.670769224e+01     2.541093391e+01     1.866424492e+01     6.753196371e+00     3.524603000e-02 
       1977     3.887072719e+01     2.753649262e+01     2.715225240e+01     1.835971742e+01     6.795127631e+00     3.581635000e-02 
       1978     3.899867494e+01     2.850489421e+01     2.875696237e+01     1.825298316e+01     7.175442749e+00     3.605895000e-02 
       1979     4.057096269e+01     2.917923361e+01     2.947598311e+01     1.829842210e+01     7.519779375e+00     3.803246000e-02 
       1980     4.080154195e+01     2.967950114e+01     2.955948570e+01     1.710944909e+01     7.943483960e+00     3.756916000e-02 
       1981     4.057187405e+01     2.966588307e+01     3.007158400e+01     1.495534650e+01     8.125310059e+00     3.574639000e-02 
       1982     4.049123003e+01     3.115727383e+01     3.104330673e+01     1.472681590e+01     8.527688439e+00     3.276394000e-02 
       1983     3.998499041e+01     3.284986476e+01     3.217626090e+01     1.462081904e+01     8.657426567e+00     3.109799000e-02 
       1984     4.039514716e+01     3.355879556e+01     3.392442451e+01     1.428087918e+01     8.906147099e+00     3.184536000e-02 
       1985     4.107843836e+01     3.425087783e+01     3.499105696e+01     1.453019843e+01     9.051636783e+00     3.406102000e-02 
       1986     4.141655689e+01     3.513674307e+01     3.626146905e+01     1.513102848e+01     9.032484666e+00     3.643474000e-02 
       1987     4.185471533e+01     3.594680561e+01     3.747638832e+01     1.522459731e+01     9.180320109e+00     3.687198000e-02 
       1988     4.218979645e+01     3.764865726e+01     3.940722722e+01     1.581463109e+01     9.488263918e+00     3.823973000e-02 
       1989     4.283778783e+01     3.802686845e+01     4.097494502e+01     1.659297961e+01     9.737976564e+00     3.882597000e-02 
       1990     4.333006244e+01     3.804389193e+01     4.101993884e+01     1.748540147e+01     9.801573197e+00     4.317916000e-02 
       1991     4.297843990e+01     3.712636153e+01     4.196013718e+01     1.784046258e+01     9.422877879e+00     4.378268000e-02 
       1992     4.271644830e+01     3.604420652e+01     4.245859158e+01     1.868157136e+01     9.553341785e+00     4.671480000e-02 
       1993     4.210798139e+01     3.458000882e+01     4.347392331e+01     1.928428480e+01     9.865245876e+00     4.614580000e-02 
       1994     4.150838125e+01     3.254196874e+01     4.471393749e+01     1.984305407e+01     1.021568529e+01     4.704065000e-02 
       1995     4.117442372e+01     3.181384337e+01     4.715559617e+01     2.069577260e+01     1.089414913e+01     4.888685000e-02 
       1996     4.154681219e+01     3.110129933e+01     4.867686071e+01     2.172127162e+01     1.129311598e+01     5.036761000e-02 
       1997     4.096732496e+01     3.025940375e+01     4.919724359e+01     2.232593278e+01     1.172565180e+01     5.215513000e-02 
       1998     4.005734899e+01     2.971688471e+01     4.894076518e+01     2.271661465e+01     1.194901878e+01     5.275682000e-02 
       1999     3.906869273e+01     2.997833445e+01     4.932580821e+01     2.320472688e+01     1.184363237e+01     5.608402000e-02 
       2000     3.851982888e+01     3.146237192e+01     5.017197891e+01     2.441012926e+01     1.227530354e+01     5.731207000e-02 
       2001     3.814822137e+01     3.190998833e+01     5.150288591e+01     2.464481396e+01     1.261428184e+01     5.591629000e-02 
       2002     3.766928818e+01     3.228368749e+01     5.399897443e+01     2.481546083e+01     1.287786135e+01     5.851660000e-02 
       2003     3.753867700e+01     3.335681181e+01     5.821371204e+01     2.646937191e+01     1.318065023e+01     5.974016000e-02 
       2004     3.695167410e+01     3.378913577e+01     6.265807306e+01     2.745945245e+01     1.381666292e+01     6.522992000e-02 
       2005     3.623127257e+01     3.437111365e+01     6.649352923e+01     2.850125367e+01     1.403967715e+01     6.629265000e-02 
       2006     3.631875234e+01     3.530862981e+01     6.959392409e+01     2.936352912e+01     1.438087397e+01     7.024555000e-02 
       2007     3.640799513e+01     3.601969425e+01     7.197186422e+01     2.977923900e+01     1.448428550e+01     7.412643000e-02 
       2008     3.658015173e+01     3.694070822e+01     7.610162853e+01     3.065024698e+01     1.467913202e+01     7.391640000e-02 
       2009     3.581046789e+01     3.644059014e+01     7.911639216e+01     3.093656856e+01     1.448949178e+01     7.264775016e-02 
       2010     3.587356487e+01     3.801445368e+01     8.249628330e+01     3.206517277e+01     1.492122426e+01     7.754857209e-02 
