MAGICC 6.X DATA FILE  updated on 05 Feb 2014, 13:32:09 

 
 
DATA:  Historical fossil&industrial N2O (N2OI) Emissions (HISTEDGAR_N2OI_EMIS) 
 
DESCRIPTION: MAGICC 6.X data file - Historical fossil&industrial N2O (N2OI) Emissions (Emissions|N2O - Emissions|N2O|AFOLU)
COMPILED BY: Peter Kolp, kolp@iiasa.ac.at
SOURCE:      EDGAR (default) data from IPCC WGIII History Database (https://tntcat.iiasa.ac.at/AR5HistoryDB/) (Total - AFOLU)
CONTACT:     Peter Kolp, kolp@iiasa.ac.at
  
 

&THISFILE_SPECIFICATIONS 
 THISFILE_DATACOLUMNS    =    6  ,
 THISFILE_FIRSTYEAR      = 1765  ,
 THISFILE_LASTYEAR       = 2010  ,
 THISFILE_ANNUALSTEPS    =    1  ,
 THISFILE_FIRSTDATAROW   =   24  ,
 THISFILE_UNITS          = 'MtN2O-N' ,
 THISFILE_DATTYPE        = 'REGIONDATA' ,
/  
    COLCODE              R5OECD               R5REF              R5ASIA               R5MAF               R5LAM             BUNKERS 
       1765     0.000000000e+00     0.000000000e+00     0.000000000e+00     0.000000000e+00     0.000000000e+00     0.000000000e+00 
       1766     1.627652576e-04     5.000264341e-05     2.853923692e-05     0.000000000e+00     0.000000000e+00     5.071772155e-80 
       1767     1.677992346e-04     5.154911699e-05     2.942189377e-05     0.000000000e+00     0.000000000e+00     5.228631092e-80 
       1768     1.729889014e-04     5.314341952e-05     3.033184923e-05     0.000000000e+00     0.000000000e+00     5.390341329e-80 
       1769     1.783390737e-04     5.478703050e-05     3.126994769e-05     0.000000000e+00     0.000000000e+00     5.557052917e-80 
       1770     1.838547147e-04     5.648147476e-05     3.223705945e-05     0.000000000e+00     0.000000000e+00     5.728920539e-80 
       1771     1.895409440e-04     5.822832445e-05     3.323408189e-05     0.000000000e+00     0.000000000e+00     5.906103641e-80 
       1772     1.954030345e-04     6.002920050e-05     3.426194011e-05     0.000000000e+00     0.000000000e+00     6.088766644e-80 
       1773     2.014464272e-04     6.188577373e-05     3.532158777e-05     0.000000000e+00     0.000000000e+00     6.277079011e-80 
       1774     2.076767291e-04     6.379976669e-05     3.641400800e-05     0.000000000e+00     0.000000000e+00     6.471215477e-80 
       1775     2.140997214e-04     6.577295533e-05     3.754021441e-05     0.000000000e+00     0.000000000e+00     6.671356167e-80 
       1776     2.207213617e-04     6.780717041e-05     3.870125194e-05     0.000000000e+00     0.000000000e+00     6.877686764e-80 
       1777     2.275477956e-04     6.990429940e-05     3.989819787e-05     0.000000000e+00     0.000000000e+00     7.090398726e-80 
       1778     2.345853559e-04     7.206628805e-05     4.113216280e-05     0.000000000e+00     0.000000000e+00     7.309689412e-80 
       1779     2.418405740e-04     7.429514235e-05     4.240429159e-05     0.000000000e+00     0.000000000e+00     7.535762281e-80 
       1780     2.493201787e-04     7.659293022e-05     4.371576449e-05     0.000000000e+00     0.000000000e+00     7.768827096e-80 
       1781     2.570311117e-04     7.896178377e-05     4.506779847e-05     0.000000000e+00     0.000000000e+00     8.009100094e-80 
       1782     2.649805283e-04     8.140390078e-05     4.646164791e-05     0.000000000e+00     0.000000000e+00     8.256804218e-80 
       1783     2.731758026e-04     8.392154721e-05     4.789860602e-05     0.000000000e+00     0.000000000e+00     8.512169299e-80 
       1784     2.816245385e-04     8.651705899e-05     4.938000622e-05     0.000000000e+00     0.000000000e+00     8.775432269e-80 
       1785     2.903345753e-04     8.919284431e-05     5.090722297e-05     0.000000000e+00     0.000000000e+00     9.046837390e-80 
       1786     2.993139951e-04     9.195138586e-05     5.248167309e-05     0.000000000e+00     0.000000000e+00     9.326636486e-80 
       1787     3.085711289e-04     9.479524313e-05     5.410481771e-05     0.000000000e+00     0.000000000e+00     9.615089157e-80 
       1788     3.181145659e-04     9.772705478e-05     5.577816253e-05     0.000000000e+00     0.000000000e+00     9.912463051e-80 
       1789     3.279531609e-04     1.007495410e-04     5.750326029e-05     0.000000000e+00     0.000000000e+00     1.021903407e-79 
       1790     3.380960418e-04     1.038655062e-04     5.928171169e-05     0.000000000e+00     0.000000000e+00     1.053508667e-79 
       1791     3.485526207e-04     1.070778415e-04     6.111516666e-05     0.000000000e+00     0.000000000e+00     1.086091404e-79 
       1792     3.593325993e-04     1.103895273e-04     6.300532653e-05     0.000000000e+00     0.000000000e+00     1.119681861e-79 
       1793     3.704459787e-04     1.138036364e-04     6.495394482e-05     0.000000000e+00     0.000000000e+00     1.154311205e-79 
       1794     3.819030707e-04     1.173233361e-04     6.696282978e-05     0.000000000e+00     0.000000000e+00     1.190011543e-79 
       1795     3.937145051e-04     1.209518928e-04     6.903384505e-05     0.000000000e+00     0.000000000e+00     1.226816030e-79 
       1796     4.058912434e-04     1.246926730e-04     7.116891242e-05     0.000000000e+00     0.000000000e+00     1.264758797e-79 
       1797     4.184445802e-04     1.285491475e-04     7.337001280e-05     0.000000000e+00     0.000000000e+00     1.303875047e-79 
       1798     4.313861656e-04     1.325248946e-04     7.563918843e-05     0.000000000e+00     0.000000000e+00     1.344201074e-79 
       1799     4.447280057e-04     1.366236028e-04     7.797854487e-05     0.000000000e+00     0.000000000e+00     1.385774307e-79 
       1800     4.584824798e-04     1.408490753e-04     8.039025243e-05     0.000000000e+00     0.000000000e+00     1.428633304e-79 
       1801     4.726623503e-04     1.452052319e-04     8.287654885e-05     0.000000000e+00     0.000000000e+00     1.472817838e-79 
       1802     4.872807734e-04     1.496961161e-04     8.543974105e-05     0.000000000e+00     0.000000000e+00     1.518368909e-79 
       1803     5.023513132e-04     1.543258927e-04     8.808220727e-05     0.000000000e+00     0.000000000e+00     1.565328767e-79 
       1804     5.178879510e-04     1.590988583e-04     9.080639927e-05     0.000000000e+00     0.000000000e+00     1.613741003e-79 
       1805     5.339051041e-04     1.640194408e-04     9.361484469e-05     0.000000000e+00     0.000000000e+00     1.663650512e-79 
       1806     5.504176336e-04     1.690922077e-04     9.651014906e-05     0.000000000e+00     0.000000000e+00     1.715103629e-79 
       1807     5.674408589e-04     1.743218638e-04     9.949499904e-05     0.000000000e+00     0.000000000e+00     1.768148066e-79 
       1808     5.849905761e-04     1.797132614e-04     1.025721640e-04     0.000000000e+00     0.000000000e+00     1.822833061e-79 
       1809     6.030830688e-04     1.852714034e-04     1.057444989e-04     0.000000000e+00     0.000000000e+00     1.879209337e-79 
       1810     6.217351229e-04     1.910014471e-04     1.090149474e-04     0.000000000e+00     0.000000000e+00     1.937329216e-79 
       1811     6.409640432e-04     1.969087076e-04     1.123865437e-04     0.000000000e+00     0.000000000e+00     1.997246614e-79 
       1812     6.607876744e-04     2.029986677e-04     1.158624162e-04     0.000000000e+00     0.000000000e+00     2.059017131e-79 
       1813     6.812244059e-04     2.092769770e-04     1.194457903e-04     0.000000000e+00     0.000000000e+00     2.122698069e-79 
       1814     7.022932019e-04     2.157494608e-04     1.231399894e-04     0.000000000e+00     0.000000000e+00     2.188348520e-79 
       1815     7.240136110e-04     2.224221248e-04     1.269484431e-04     0.000000000e+00     0.000000000e+00     2.256029406e-79 
       1816     7.464057835e-04     2.293011596e-04     1.308746838e-04     0.000000000e+00     0.000000000e+00     2.325803516e-79 
       1817     7.694904987e-04     2.363929487e-04     1.349223541e-04     0.000000000e+00     0.000000000e+00     2.397735574e-79 
       1818     7.932891736e-04     2.437040705e-04     1.390952103e-04     0.000000000e+00     0.000000000e+00     2.471892354e-79 
       1819     8.178238905e-04     2.512413100e-04     1.433971237e-04     0.000000000e+00     0.000000000e+00     2.548342632e-79 
       1820     8.431174138e-04     2.590116596e-04     1.478320864e-04     0.000000000e+00     0.000000000e+00     2.627157346e-79 
       1821     8.691932094e-04     2.670223297e-04     1.524042135e-04     0.000000000e+00     0.000000000e+00     2.708409633e-79 
       1822     8.960754734e-04     2.752807516e-04     1.571177458e-04     0.000000000e+00     0.000000000e+00     2.792174889e-79 
       1823     9.237891487e-04     2.837945892e-04     1.619770576e-04     0.000000000e+00     0.000000000e+00     2.878530813e-79 
       1824     9.523599471e-04     2.925717414e-04     1.669866570e-04     0.000000000e+00     0.000000000e+00     2.967557537e-79 
       1825     9.818143786e-04     3.016203518e-04     1.721511928e-04     0.000000000e+00     0.000000000e+00     3.059337665e-79 
       1826     1.012179771e-03     3.109488172e-04     1.774754557e-04     0.000000000e+00     0.000000000e+00     3.153956354e-79 
       1827     1.043484300e-03     3.205657904e-04     1.829643878e-04     0.000000000e+00     0.000000000e+00     3.251501395e-79 
       1828     1.075757011e-03     3.304801967e-04     1.886230799e-04     0.000000000e+00     0.000000000e+00     3.352063298e-79 
       1829     1.109027845e-03     3.407012336e-04     1.944567837e-04     0.000000000e+00     0.000000000e+00     3.455735362e-79 
       1830     1.143327676e-03     3.512383853e-04     2.004709115e-04     0.000000000e+00     0.000000000e+00     3.562613776e-79 
       1831     1.178688331e-03     3.621014278e-04     2.066710419e-04     0.000000000e+00     0.000000000e+00     3.672797707e-79 
       1832     1.215142600e-03     3.733004409e-04     2.130629299e-04     0.000000000e+00     0.000000000e+00     3.786389386e-79 
       1833     1.252724335e-03     3.848458152e-04     2.196525059e-04     0.000000000e+00     0.000000000e+00     3.903494207e-79 
       1834     1.291468386e-03     3.967482635e-04     2.264458824e-04     0.000000000e+00     0.000000000e+00     4.024220838e-79 
       1835     1.331410709e-03     4.090188286e-04     2.334493630e-04     0.000000000e+00     0.000000000e+00     4.148681270e-79 
       1836     1.372588362e-03     4.216688946e-04     2.406694459e-04     0.000000000e+00     0.000000000e+00     4.276990997e-79 
       1837     1.415039547e-03     4.347102009e-04     2.481128310e-04     0.000000000e+00     0.000000000e+00     4.409269070e-79 
       1838     1.458803657e-03     4.481548460e-04     2.557864237e-04     0.000000000e+00     0.000000000e+00     4.545638224e-79 
       1839     1.503921291e-03     4.620153055e-04     2.636973447e-04     0.000000000e+00     0.000000000e+00     4.686224966e-79 
       1840     1.550434319e-03     4.763044390e-04     2.718529322e-04     0.000000000e+00     0.000000000e+00     4.831159766e-79 
       1841     1.598385899e-03     4.910355035e-04     2.802607550e-04     0.000000000e+00     0.000000000e+00     4.980577080e-79 
       1842     1.647820509e-03     5.062221685e-04     2.889286132e-04     0.000000000e+00     0.000000000e+00     5.134615540e-79 
       1843     1.698784038e-03     5.218785245e-04     2.978645494e-04     0.000000000e+00     0.000000000e+00     5.293418087e-79 
       1844     1.751323747e-03     5.380190976e-04     3.070768552e-04     0.000000000e+00     0.000000000e+00     5.457132042e-79 
       1845     1.805488401e-03     5.546588639e-04     3.165740776e-04     0.000000000e+00     0.000000000e+00     5.625909321e-79 
       1846     1.861328251e-03     5.718132615e-04     3.263650286e-04     0.000000000e+00     0.000000000e+00     5.799906525e-79 
       1847     1.918895102e-03     5.894982080e-04     3.364587925e-04     0.000000000e+00     0.000000000e+00     5.979285071e-79 
       1848     1.978242370e-03     6.077301111e-04     3.468647348e-04     0.000000000e+00     0.000000000e+00     6.164211414e-79 
       1849     2.039425122e-03     6.265258877e-04     3.575925097e-04     0.000000000e+00     0.000000000e+00     6.354857130e-79 
       1850     2.102500127e-03     6.459029766e-04     3.686520716e-04     0.000000000e+00     0.000000000e+00     6.551399106e-79 
       1851     2.129805320e-03     6.542913272e-04     3.734397608e-04     0.000000000e+00     0.000000000e+00     5.104888723e-77 
       1852     2.266331311e-03     6.962330812e-04     3.973782091e-04     0.000000000e+00     0.000000000e+00     3.204070520e-75 
       1853     2.482680654e-03     7.626971362e-04     4.353128703e-04     1.846150234e-05     1.640091895e-05     1.683566844e-73 
       1854     2.590195054e-03     7.957263219e-04     4.541644299e-04     3.351839755e-05     2.977723662e-05     7.607493851e-72 
       1855     2.645945785e-03     8.128533439e-04     4.639397551e-04     2.345620037e-05     2.083813314e-05     3.015340132e-70 
       1856     2.836739525e-03     8.714665364e-04     4.973935027e-04     2.647951450e-05     2.352399955e-05     1.064429130e-68 
       1857     3.056173003e-03     9.388780592e-04     5.358689372e-04     1.772717358e-05     1.574855238e-05     3.386971045e-67 
       1858     3.246151834e-03     9.972409059e-04     5.691797985e-04     2.794108609e-05     2.482243758e-05     9.809885645e-66 
       1859     3.326034739e-03     1.021781502e-03     5.831864547e-04     4.587720760e-05     4.075661620e-05     2.607276292e-64 
       1860     3.543034077e-03     1.088445239e-03     6.212350879e-04     5.860322616e-05     5.206221836e-05     6.402314455e-63 
       1861     3.680697397e-03     1.130736391e-03     6.453729553e-04     4.856756317e-05     4.314668739e-05     1.460951914e-61 
       1862     3.872567360e-03     1.189680202e-03     6.790154065e-04     4.209451793e-05     3.739613202e-05     3.197703157e-60 
       1863     4.009334938e-03     1.231696185e-03     7.029962160e-04     3.996268819e-05     3.550224686e-05     6.724618962e-59 
       1864     4.254400553e-03     1.306982072e-03     7.459659840e-04     4.597315138e-05     4.084185113e-05     1.360795369e-57 
       1865     4.718466148e-03     1.449546320e-03     8.273351791e-04     4.705616777e-05     4.180398657e-05     2.653581024e-56 
       1866     5.017599877e-03     1.541442332e-03     8.797852443e-04     5.785150138e-05     5.139439741e-05     4.992991625e-55 
       1867     4.744314513e-03     1.457487121e-03     8.318674278e-04     5.991105913e-05     5.322407733e-05     9.076391326e-54 
       1868     5.127087200e-03     1.575077617e-03     8.989827354e-04     5.549964445e-05     4.930504336e-05     1.595837774e-52 
       1869     5.208212938e-03     1.600000023e-03     9.132073121e-04     6.246916406e-05     5.549665888e-05     2.716779976e-51 
       1870     5.289129599e-03     1.624858187e-03     9.273952273e-04     7.128355191e-05     6.332722761e-05     4.482788497e-50 
       1871     5.341771737e-03     1.641030229e-03     9.366254916e-04     8.865113541e-05     7.875632567e-05     7.175982809e-49 
       1872     5.719205485e-03     1.756980558e-03     1.002804671e-03     1.313497541e-04     1.166891322e-04     1.076946200e-47 
       1873     6.422431819e-03     1.973016684e-03     1.126108277e-03     1.905467713e-04     1.692788642e-04     1.521195118e-46 
       1874     6.616350723e-03     2.032589947e-03     1.160109990e-03     1.659941373e-04     1.474666763e-04     2.029358093e-45 
       1875     6.968837785e-03     2.140876475e-03     1.221915024e-03     1.878816896e-04     1.669112472e-04     2.564821294e-44 
       1876     7.401895575e-03     2.273914902e-03     1.297847307e-03     2.216359548e-04     1.968980243e-04     3.079529142e-43 
       1877     7.481538716e-03     2.298381850e-03     1.311811932e-03     2.416876598e-04     2.147116546e-04     3.521493679e-42 
       1878     7.533026135e-03     2.314199152e-03     1.320839719e-03     2.692442651e-04     2.391925263e-04     3.843884960e-41 
       1879     7.641928649e-03     2.347654775e-03     1.339934674e-03     2.720526875e-04     2.416874851e-04     4.013401289e-40 
       1880     8.014562994e-03     2.462130693e-03     1.405272331e-03     3.571003302e-04     3.172425239e-04     4.015826585e-39 
       1881     8.884856380e-03     2.729491000e-03     1.557869448e-03     3.877446667e-04     3.444664872e-04     3.857552346e-38 
       1882     8.879106252e-03     2.727724526e-03     1.556861217e-03     4.384827987e-04     3.895414752e-04     3.489181775e-37 
       1883     9.670803574e-03     2.970939563e-03     1.695677316e-03     4.398362388e-04     3.907438512e-04     2.981899771e-36 
       1884     1.027035523e-02     3.155126092e-03     1.800802623e-03     4.452010970e-04     3.955099103e-04     2.415147368e-35 
       1885     1.080034941e-02     3.317944079e-03     1.893731716e-03     4.565927156e-04     4.056300518e-04     1.858933743e-34 
       1886     1.127680567e-02     3.464314815e-03     1.977273490e-03     4.731182713e-04     4.203111048e-04     1.363098025e-33 
       1887     1.171574372e-02     3.599159685e-03     2.054236814e-03     4.938849397e-04     4.387598986e-04     9.543487286e-33 
       1888     1.213318312e-02     3.727400052e-03     2.127430593e-03     5.179998989e-04     4.601832624e-04     6.392809324e-32 
       1889     1.254514347e-02     3.853957219e-03     2.199663673e-03     5.445703282e-04     4.837880292e-04     4.104815739e-31 
       1890     1.296764449e-02     3.983752515e-03     2.273744923e-03     5.727034059e-04     5.087810297e-04     2.530809485e-30 
       1891     1.341670575e-02     4.121707325e-03     2.352483261e-03     6.015063075e-04     5.343690916e-04     1.500643147e-29 
       1892     1.390834685e-02     4.272742974e-03     2.438687557e-03     6.300862136e-04     5.597590469e-04     8.459557998e-29 
       1893     1.445858750e-02     4.441780793e-03     2.535166655e-03     6.575502973e-04     5.841577233e-04     4.544919497e-28 
       1894     1.509757744e-02     4.638083075e-03     2.647207075e-03     6.866088004e-04     6.099728570e-04     2.332233516e-27 
       1895     1.582813913e-02     4.862516789e-03     2.775303650e-03     7.198161155e-04     6.394737327e-04     1.145407508e-26 
       1896     1.662530011e-02     5.107410317e-03     2.915077750e-03     7.560456574e-04     6.716595079e-04     5.393757755e-26 
       1897     1.746408862e-02     5.365092091e-03     3.062150796e-03     7.941708421e-04     7.055293452e-04     2.439511471e-25 
       1898     1.831953233e-02     5.627890471e-03     3.212144169e-03     8.330650843e-04     7.400824006e-04     1.061387005e-24 
       1899     1.916665925e-02     5.888133888e-03     3.360679291e-03     8.716018016e-04     7.743178357e-04     4.448697306e-24 
       1900     1.998049716e-02     6.138150682e-03     3.503377508e-03     9.086544085e-04     8.072348103e-04     1.798720128e-23 
       1901     2.073607395e-02     6.370269235e-03     3.635860239e-03     9.430963200e-04     8.378324833e-04     7.024394509e-23 
       1902     2.140841765e-02     6.576818002e-03     3.753748892e-03     9.738009534e-04     8.651100147e-04     2.607792431e-22 
       1903     2.197255603e-02     6.750125333e-03     3.852664839e-03     9.996417222e-04     8.880665620e-04     9.226035599e-22 
       1904     2.244777835e-02     6.896117011e-03     3.935990251e-03     1.022042149e-03     9.079667619e-04     3.117431844e-21 
       1905     2.287623333e-02     7.027741402e-03     4.011115478e-03     1.043206011e-03     9.267684157e-04     1.008081752e-20 
       1906     2.326723834e-02     7.147860932e-03     4.079674252e-03     1.063177106e-03     9.445104336e-04     3.125466343e-20 
       1907     2.363011073e-02     7.259337895e-03     4.143300235e-03     1.081999233e-03     9.612317268e-04     9.306633521e-20 
       1908     2.397416774e-02     7.365034662e-03     4.203627148e-03     1.099716191e-03     9.769712029e-04     2.665693363e-19 
       1909     2.430872661e-02     7.467813515e-03     4.262288641e-03     1.116371777e-03     9.917677744e-04     7.355254774e-19 
       1910     2.464310470e-02     7.570536858e-03     4.320918458e-03     1.132009792e-03     1.005660350e-03     1.957672095e-18 
       1911     2.498661947e-02     7.676067019e-03     4.381150284e-03     1.146674033e-03     1.018687840e-03     5.032467179e-18 
       1912     2.534858794e-02     7.787266302e-03     4.444617781e-03     1.160408299e-03     1.030889154e-03     1.247393443e-17 
       1913     2.573832769e-02     7.906997122e-03     4.512954693e-03     1.173256389e-03     1.042303202e-03     2.985131285e-17 
       1914     2.611921484e-02     8.024008359e-03     4.579739391e-03     1.184401343e-03     1.052204211e-03     6.905245230e-17 
       1915     2.646147383e-02     8.129152748e-03     4.639751032e-03     1.193441210e-03     1.060235091e-03     1.545733593e-16 
       1916     2.678469422e-02     8.228448366e-03     4.696424455e-03     1.201042294e-03     1.066987779e-03     3.351841213e-16 
       1917     2.710846539e-02     8.327913165e-03     4.753194444e-03     1.207870901e-03     1.073054209e-03     7.047757048e-16 
       1918     2.745237691e-02     8.433565221e-03     4.813495838e-03     1.214593337e-03     1.079026320e-03     1.438259048e-15 
       1919     2.783601825e-02     8.551422554e-03     4.880763442e-03     1.221875905e-03     1.085496043e-03     2.851141609e-15 
       1920     2.827897865e-02     8.687503150e-03     4.958432073e-03     1.230384914e-03     1.093055318e-03     5.494794714e-15 
       1921     2.880084781e-02     8.847825062e-03     5.049936526e-03     1.240786670e-03     1.102296080e-03     1.030317761e-14 
       1922     2.942121508e-02     9.038406310e-03     5.158711651e-03     1.253747476e-03     1.113810263e-03     1.950328203e-14 
       1923     3.015967006e-02     9.265264902e-03     5.288192231e-03     1.269933638e-03     1.128189805e-03     3.727352049e-14 
       1924     3.162895164e-02     9.716638645e-03     5.545815849e-03     1.308826010e-03     1.162741201e-03     7.192659238e-14 
       1925     3.429423944e-02     1.053543402e-02     6.013147048e-03     1.385274686e-03     1.230657042e-03     1.401573440e-13 
       1926     3.795378483e-02     1.165967230e-02     6.654811191e-03     1.492999788e-03     1.326358398e-03     2.758171586e-13 
       1927     4.240583836e-02     1.302737479e-02     7.435433617e-03     1.625721515e-03     1.444266376e-03     5.482117451e-13 
       1928     4.744865082e-02     1.457656268e-02     8.319639644e-03     1.777159986e-03     1.578802007e-03     1.100627753e-12 
       1929     5.288047346e-02     1.624525712e-02     9.272054636e-03     1.941035388e-03     1.724386433e-03     2.232245579e-12 
       1930     5.849955673e-02     1.797147948e-02     1.025730391e-02     2.111067816e-03     1.875440666e-03     4.574020402e-12 
       1931     6.410415199e-02     1.969325093e-02     1.124001283e-02     2.280977481e-03     2.026385834e-03     9.470109610e-12 
       1932     6.949250969e-02     2.134859272e-02     1.218480664e-02     2.444484492e-03     2.171642988e-03     1.980718052e-11 
       1933     7.446288096e-02     2.287552601e-02     1.305631093e-02     2.595309034e-03     2.305633232e-03     4.185490085e-11 
       1934     7.887919466e-02     2.423224899e-02     1.383066674e-02     2.727865513e-03     2.423394393e-03     8.936596982e-11 
       1935     8.287656192e-02     2.546026857e-02     1.453156447e-02     2.845633572e-03     2.528017754e-03     1.928179169e-10 
       1936     8.666000664e-02     2.662256976e-02     1.519495322e-02     2.955931247e-03     2.626004531e-03     4.204555805e-10 
       1937     9.043455272e-02     2.778213713e-02     1.585678149e-02     3.066076561e-03     2.723855967e-03     9.267008609e-10 
       1938     9.440522417e-02     2.900195559e-02     1.655299852e-02     3.183387550e-03     2.828073264e-03     2.064695345e-09 
       1939     9.877704502e-02     3.034501005e-02     1.731955292e-02     3.315182236e-03     2.945157678e-03     4.650725567e-09 
       1940     1.037550388e-01     3.187428505e-02     1.819239368e-02     3.468778643e-03     3.081610399e-03     1.059220209e-08 
       1941     1.095442310e-01     3.365276597e-02     1.920746978e-02     3.651494807e-03     3.243932657e-03     2.439530647e-08 
       1942     1.163496434e-01     3.574343703e-02     2.040072985e-02     3.870648724e-03     3.438625693e-03     5.479806802e-08 
       1943     1.243762997e-01     3.820928314e-02     2.180812264e-02     4.133558482e-03     3.672190737e-03     1.201235529e-07 
       1944     1.385300470e-01     4.255741475e-02     2.428983874e-02     4.837680150e-03     4.297721765e-03     2.571268488e-07 
       1945     1.622839839e-01     4.985479273e-02     2.845485050e-02     6.273689675e-03     5.573450860e-03     5.377292441e-07 
       1946     1.936940213e-01     5.950417956e-02     3.396228199e-02     8.288734657e-03     7.363586301e-03     1.099275497e-06 
       1947     2.308160723e-01     7.090833729e-02     4.047125713e-02     1.072996272e-02     9.532336331e-03     2.197837560e-06 
       1948     2.717060478e-01     8.347002838e-02     4.764089964e-02     1.344452158e-02     1.194390928e-02     4.299725331e-06 
       1949     3.144198586e-01     9.659201431e-02     5.513033299e-02     1.627955863e-02     1.446251320e-02     8.234607770e-06 
       1950     3.570134167e-01     1.096770579e-01     6.259868134e-02     1.908222181e-02     1.695235676e-02     1.544524587e-05 
       1951     3.975426307e-01     1.221279204e-01     6.970506804e-02     2.169965863e-02     1.927764791e-02     2.838449626e-05 
       1952     4.340634160e-01     1.333473654e-01     7.610861728e-02     2.397901661e-02     2.130259498e-02     5.045629022e-05 
       1953     4.646316823e-01     1.427381540e-01     8.146845264e-02     2.576744327e-02     2.289140632e-02     8.684857301e-05 
       1954     4.900753269e-01     1.505546223e-01     8.592973771e-02     2.712962913e-02     2.410155152e-02     1.448971149e-04 
       1955     5.129788252e-01     1.575907392e-01     8.994563380e-02     2.827416033e-02     2.511833576e-02     2.345397662e-04 
       1956     5.340329562e-01     1.640587178e-01     9.363726217e-02     2.926402941e-02     2.599772041e-02     3.686539322e-04 
       1957     5.539284934e-01     1.701707681e-01     9.712574269e-02     3.016222813e-02     2.679566654e-02     5.631586957e-04 
       1958     5.733562159e-01     1.761391031e-01     1.005321968e-01     3.103174904e-02     2.756813566e-02     8.367504920e-04 
       1959     5.930068994e-01     1.821759328e-01     1.039777450e-01     3.193558426e-02     2.837108925e-02     1.210151042e-03 
       1960     6.135713218e-01     1.884934692e-01     1.075835077e-01     3.293672610e-02     2.926048854e-02     1.704785199e-03 
       1961     6.357402587e-01     1.953039243e-01     1.114706060e-01     3.409816669e-02     3.029229476e-02     2.340876669e-03 
       1962     6.602044872e-01     2.028195092e-01     1.157601602e-01     3.548289844e-02     3.152246939e-02     3.098688684e-03 
       1963     6.876547838e-01     2.112524348e-01     1.205732916e-01     3.715391325e-02     3.300697366e-02     3.959407318e-03 
       1964     7.230620124e-01     2.221297878e-01     1.267815903e-01     3.997523536e-02     3.551339355e-02     4.889439950e-03 
       1965     7.541322147e-01     2.316747741e-01     1.322294348e-01     4.227436383e-02     3.755590451e-02     5.841899044e-03 
       1966     8.028311534e-01     2.466354337e-01     1.407682991e-01     4.555562907e-02     4.047093072e-02     6.760409351e-03 
       1967     8.323918037e-01     2.557166758e-01     1.459514595e-01     4.771840537e-02     4.239230849e-02     7.584825774e-03 
       1968     8.135400991e-01     2.499252989e-01     1.426460047e-01     4.715584639e-02     4.189253954e-02     8.258016352e-03 
       1969     8.095027040e-01     2.486849824e-01     1.419380888e-01     4.741722317e-02     4.212474270e-02     8.732602112e-03 
       1970     8.176104323e-01     2.488389540e-01     1.435298881e-01     4.846575035e-02     4.311263429e-02     8.977608913e-03 
       1971     8.326669410e-01     2.582884538e-01     1.456762874e-01     4.983183959e-02     4.411064375e-02     9.167639589e-03 
       1972     8.575182799e-01     2.673816854e-01     1.518028035e-01     5.157444563e-02     4.570050088e-02     9.635977227e-03 
       1973     9.008127503e-01     2.901103672e-01     1.596173666e-01     5.447519535e-02     4.653200695e-02     1.012943736e-02 
       1974     9.322932265e-01     3.040337102e-01     1.634793162e-01     5.609475592e-02     5.221538752e-02     9.530555416e-03 
       1975     8.899995183e-01     3.040204149e-01     1.720054468e-01     5.735939423e-02     5.414301505e-02     8.945125093e-03 
       1976     9.325376709e-01     3.057643704e-01     1.757231097e-01     5.979285941e-02     5.679183537e-02     9.154777135e-03 
       1977     9.460003170e-01     3.082567212e-01     1.817168434e-01     6.163861355e-02     5.633966383e-02     9.455459338e-03 
       1978     9.716459327e-01     3.088714743e-01     1.917744194e-01     6.210674916e-02     5.951517699e-02     9.635010722e-03 
       1979     9.938806673e-01     3.064038228e-01     1.977401028e-01     6.451271713e-02     6.203754068e-02     9.933885695e-03 
       1980     9.305779157e-01     3.041253164e-01     2.002364441e-01     6.580991238e-02     6.304274631e-02     9.788790859e-03 
       1981     9.045271242e-01     2.989828288e-01     2.036705937e-01     6.605756457e-02     6.333337947e-02     9.341504484e-03 
       1982     8.348646174e-01     2.831768829e-01     2.065871883e-01     6.729543402e-02     6.189038393e-02     8.938571398e-03 
       1983     8.631768081e-01     2.781806446e-01     2.125989578e-01     6.866259448e-02     6.122665674e-02     8.639517689e-03 
       1984     8.863192979e-01     2.757277108e-01     2.201610623e-01     6.973021349e-02     6.196184627e-02     8.849937638e-03 
       1985     8.668650234e-01     2.638894803e-01     2.230996575e-01     7.074926233e-02     6.142078186e-02     9.367017555e-03 
       1986     8.528678873e-01     2.561062632e-01     2.301589741e-01     7.084382200e-02     6.464581660e-02     1.012592220e-02 
       1987     8.508558184e-01     2.519903242e-01     2.308418785e-01     7.122715625e-02     6.480551015e-02     1.012592220e-02 
       1988     8.585703889e-01     2.419942390e-01     2.417982922e-01     7.354002784e-02     6.589422102e-02     1.086253104e-02 
       1989     8.695537724e-01     2.351717017e-01     2.502716288e-01     7.435978187e-02     6.665948829e-02     1.112074000e-02 
       1990     7.586635089e-01     2.114684275e-01     2.597378491e-01     7.538997526e-02     6.349356157e-02     1.170407844e-02 
       1991     7.625637202e-01     1.922090899e-01     2.692231709e-01     7.761005613e-02     6.847251910e-02     1.174022968e-02 
       1992     7.666795798e-01     1.786525015e-01     2.784064113e-01     8.791460083e-02     6.958176761e-02     1.223178329e-02 
       1993     7.539781425e-01     1.685067379e-01     2.907865897e-01     9.007726603e-02     7.111107727e-02     1.204048821e-02 
       1994     7.912013629e-01     1.546347496e-01     3.045746558e-01     9.476474773e-02     7.437078042e-02     1.233330598e-02 
       1995     8.168839855e-01     1.522488444e-01     3.220963593e-01     9.726660955e-02     7.747277502e-02     1.277985755e-02 
       1996     8.311460686e-01     1.584257548e-01     3.291661349e-01     1.031667465e-01     7.723754231e-02     1.303837103e-02 
       1997     8.228973395e-01     1.535177851e-01     3.445695805e-01     1.045762457e-01     7.782484530e-02     1.357567472e-02 
       1998     7.257926657e-01     1.471121802e-01     3.535654625e-01     1.066796974e-01     8.310444320e-02     1.377513874e-02 
       1999     6.523293277e-01     1.484961229e-01     3.660803259e-01     1.072888875e-01     8.282174802e-02     1.460548528e-02 
       2000     6.574360582e-01     1.655281753e-01     3.808694016e-01     1.068844482e-01     8.458069438e-02     1.474732313e-02 
       2001     6.272290711e-01     1.665219608e-01     3.908536424e-01     1.083203638e-01     8.364484753e-02     1.426037035e-02 
       2002     6.232380665e-01     1.709306068e-01     3.783089340e-01     1.110160592e-01     7.393622330e-02     1.487318056e-02 
       2003     6.192926455e-01     1.729507558e-01     3.976961715e-01     1.144927824e-01     7.533860888e-02     1.503291860e-02 
       2004     6.094672736e-01     1.738347045e-01     4.169634770e-01     1.182594170e-01     7.771053541e-02     1.644878152e-02 
       2005     6.000207965e-01     1.765373846e-01     4.312935684e-01     1.209950012e-01     7.917246105e-02     1.695143006e-02 
       2006     5.768186107e-01     1.796698740e-01     4.496340577e-01     1.196414410e-01     8.145884872e-02     1.781883477e-02 
       2007     5.757016414e-01     1.810263653e-01     4.668621693e-01     1.248357967e-01     8.513306018e-02     1.857191391e-02 
       2008     5.408728882e-01     1.738170177e-01     4.740433561e-01     1.186956307e-01     8.672898257e-02     1.852716342e-02 
       2009     5.173775379e-01     1.480230931e-01     4.828522344e-01     1.223644963e-01     8.295883021e-02     1.779632890e-02 
       2010     5.017393956e-01     1.605765483e-01     5.007939066e-01     1.274196206e-01     8.590135217e-02     1.896245831e-02 
