MAGICC 6.X DATA FILE  updated on 05 Feb 2014, 13:32:09 

 
 
DATA:  Historical landuse N2O (N2OB) Emissions (HISTEDGAR_N2OB_EMIS) 
 
DESCRIPTION: MAGICC 6.X data file - Historical landuse N2O (N2OB) (Emissions|N2O|AFOLU)
COMPILED BY: Peter Kolp, kolp@iiasa.ac.at
SOURCE:      EDGAR (default) data from IPCC WGIII History Database (https://tntcat.iiasa.ac.at/AR5HistoryDB/) ( AFOLU)
CONTACT:     Peter Kolp, kolp@iiasa.ac.at
  
 

&THISFILE_SPECIFICATIONS 
 THISFILE_DATACOLUMNS    =    6  ,
 THISFILE_FIRSTYEAR      = 1765  ,
 THISFILE_LASTYEAR       = 2010  ,
 THISFILE_ANNUALSTEPS    =    1  ,
 THISFILE_FIRSTDATAROW   =   24  ,
 THISFILE_UNITS          = 'MtN2O-N' ,
 THISFILE_DATTYPE        = 'REGIONDATA' ,
/  
    COLCODE              R5OECD               R5REF              R5ASIA               R5MAF               R5LAM             BUNKERS 
       1765     0.000000000e+00     0.000000000e+00     0.000000000e+00     0.000000000e+00     0.000000000e+00     0.000000000e+00 
       1766     1.228302761e-03     6.846732753e-04     1.083893130e-03     5.231769846e-04     2.754014220e-04     0.000000000e+00 
       1767     2.456605522e-03     1.369346555e-03     2.167786270e-03     1.046353967e-03     5.508028439e-04     0.000000000e+00 
       1768     3.684908284e-03     2.054019822e-03     3.251679401e-03     1.569530955e-03     8.262042659e-04     0.000000000e+00 
       1769     4.913211045e-03     2.738693099e-03     4.335572531e-03     2.092707943e-03     1.101605688e-03     0.000000000e+00 
       1770     6.141513806e-03     3.423366377e-03     5.419465661e-03     2.615884923e-03     1.377007110e-03     0.000000000e+00 
       1771     7.369816578e-03     4.108039654e-03     6.503358801e-03     3.139061911e-03     1.652408532e-03     0.000000000e+00 
       1772     8.598119339e-03     4.792712921e-03     7.587251931e-03     3.662238899e-03     1.927809954e-03     0.000000000e+00 
       1773     9.826422101e-03     5.477386198e-03     8.671145062e-03     4.185415878e-03     2.203211376e-03     0.000000000e+00 
       1774     1.105472482e-02     6.162059476e-03     9.755038192e-03     4.708592866e-03     2.478612798e-03     0.000000000e+00 
       1775     1.228302761e-02     6.846732753e-03     1.083893130e-02     5.231769846e-03     2.754014220e-03     0.000000000e+00 
       1776     1.351133041e-02     7.531406020e-03     1.192282442e-02     5.754946833e-03     3.029415642e-03     0.000000000e+00 
       1777     1.473963320e-02     8.216079297e-03     1.300671764e-02     6.278123821e-03     3.304817064e-03     0.000000000e+00 
       1778     1.596793588e-02     8.900752575e-03     1.409061076e-02     6.801300801e-03     3.580218486e-03     0.000000000e+00 
       1779     1.719623868e-02     9.585425852e-03     1.517450388e-02     7.324477789e-03     3.855619908e-03     0.000000000e+00 
       1780     1.842454147e-02     1.027009912e-02     1.625839700e-02     7.847654777e-03     4.131021329e-03     0.000000000e+00 
       1781     1.965284416e-02     1.095477240e-02     1.734229012e-02     8.370831756e-03     4.406422751e-03     0.000000000e+00 
       1782     2.088114695e-02     1.163944568e-02     1.842618324e-02     8.894008778e-03     4.681824173e-03     0.000000000e+00 
       1783     2.210944975e-02     1.232411897e-02     1.951007636e-02     9.417185715e-03     4.957225595e-03     0.000000000e+00 
       1784     2.333775243e-02     1.300879226e-02     2.059396948e-02     9.940362737e-03     5.232627017e-03     0.000000000e+00 
       1785     2.456605522e-02     1.369346555e-02     2.167786270e-02     1.046353967e-02     5.508028439e-03     0.000000000e+00 
       1786     2.579435802e-02     1.437813873e-02     2.276175582e-02     1.098671670e-02     5.783429861e-03     0.000000000e+00 
       1787     2.702266081e-02     1.506281202e-02     2.384564894e-02     1.150989363e-02     6.058831283e-03     0.000000000e+00 
       1788     2.825096350e-02     1.574748531e-02     2.492954206e-02     1.203307065e-02     6.334232705e-03     0.000000000e+00 
       1789     2.947926629e-02     1.643215859e-02     2.601343518e-02     1.255624768e-02     6.609634127e-03     0.000000000e+00 
       1790     3.070756909e-02     1.711683188e-02     2.709732831e-02     1.307942461e-02     6.885035549e-03     0.000000000e+00 
       1791     3.193587177e-02     1.780150517e-02     2.818122143e-02     1.360260164e-02     7.160436971e-03     0.000000000e+00 
       1792     3.316417456e-02     1.848617846e-02     2.926511455e-02     1.412577857e-02     7.435838393e-03     0.000000000e+00 
       1793     3.439247736e-02     1.917085175e-02     3.034900777e-02     1.464895559e-02     7.711239815e-03     0.000000000e+00 
       1794     3.562078015e-02     1.985552493e-02     3.143290089e-02     1.517213253e-02     7.986641237e-03     0.000000000e+00 
       1795     3.684908284e-02     2.054019822e-02     3.251679401e-02     1.569530955e-02     8.262042659e-03     0.000000000e+00 
       1796     3.807738563e-02     2.122487150e-02     3.360068713e-02     1.621848658e-02     8.537444081e-03     0.000000000e+00 
       1797     3.930568842e-02     2.190954479e-02     3.468458025e-02     1.674166351e-02     8.812845468e-03     0.000000000e+00 
       1798     4.053399111e-02     2.259421808e-02     3.576847337e-02     1.726484053e-02     9.088246916e-03     0.000000000e+00 
       1799     4.176229390e-02     2.327889137e-02     3.685236649e-02     1.778801747e-02     9.363648364e-03     0.000000000e+00 
       1800     4.299059670e-02     2.396356466e-02     3.793625961e-02     1.831119449e-02     9.639049813e-03     0.000000000e+00 
       1801     4.421889949e-02     2.464823795e-02     3.902015283e-02     1.883437143e-02     9.914451173e-03     0.000000000e+00 
       1802     4.544720218e-02     2.533291112e-02     4.010404595e-02     1.935754845e-02     1.018985262e-02     0.000000000e+00 
       1803     4.667550497e-02     2.601758441e-02     4.118793907e-02     1.988072539e-02     1.046525407e-02     0.000000000e+00 
       1804     4.790380776e-02     2.670225770e-02     4.227183219e-02     2.040390241e-02     1.074065543e-02     0.000000000e+00 
       1805     4.913211045e-02     2.738693099e-02     4.335572531e-02     2.092707943e-02     1.101605688e-02     0.000000000e+00 
       1806     5.036041324e-02     2.807160428e-02     4.443961843e-02     2.145025637e-02     1.129145833e-02     0.000000000e+00 
       1807     5.158871604e-02     2.875627757e-02     4.552351155e-02     2.197343339e-02     1.156685969e-02     0.000000000e+00 
       1808     5.281701872e-02     2.944095086e-02     4.660740467e-02     2.249661033e-02     1.184226114e-02     0.000000000e+00 
       1809     5.404532151e-02     3.012562414e-02     4.769129789e-02     2.301978735e-02     1.211766258e-02     0.000000000e+00 
       1810     5.527362431e-02     3.081029732e-02     4.877519101e-02     2.354296429e-02     1.239306403e-02     0.000000000e+00 
       1811     5.650192710e-02     3.149497061e-02     4.985908413e-02     2.406614131e-02     1.266846539e-02     0.000000000e+00 
       1812     5.773022979e-02     3.217964390e-02     5.094297725e-02     2.458931833e-02     1.294386684e-02     0.000000000e+00 
       1813     5.895853258e-02     3.286431719e-02     5.202687037e-02     2.511249527e-02     1.321926829e-02     0.000000000e+00 
       1814     6.018683538e-02     3.354899048e-02     5.311076349e-02     2.563567229e-02     1.349466965e-02     0.000000000e+00 
       1815     6.141513806e-02     3.423366377e-02     5.419465661e-02     2.615884923e-02     1.377007110e-02     0.000000000e+00 
       1816     6.264344085e-02     3.491833705e-02     5.527854973e-02     2.668202625e-02     1.404547255e-02     0.000000000e+00 
       1817     6.387174365e-02     3.560301034e-02     5.636244295e-02     2.720520319e-02     1.432087391e-02     0.000000000e+00 
       1818     6.510004644e-02     3.628768352e-02     5.744633607e-02     2.772838021e-02     1.459627536e-02     0.000000000e+00 
       1819     6.632834913e-02     3.697235681e-02     5.853022919e-02     2.825155715e-02     1.487167680e-02     0.000000000e+00 
       1820     6.755665192e-02     3.765703010e-02     5.961412231e-02     2.877473417e-02     1.514707825e-02     0.000000000e+00 
       1821     6.878495472e-02     3.834170339e-02     6.069801543e-02     2.929791119e-02     1.542247961e-02     0.000000000e+00 
       1822     7.001325740e-02     3.902637668e-02     6.178190855e-02     2.982108813e-02     1.569788106e-02     0.000000000e+00 
       1823     7.124156019e-02     3.971104996e-02     6.286580167e-02     3.034426515e-02     1.597328251e-02     0.000000000e+00 
       1824     7.246986299e-02     4.039572325e-02     6.394969489e-02     3.086744209e-02     1.624868387e-02     0.000000000e+00 
       1825     7.369816578e-02     4.108039654e-02     6.503358801e-02     3.139061911e-02     1.652408532e-02     0.000000000e+00 
       1826     7.492646847e-02     4.176506972e-02     6.611748113e-02     3.191379604e-02     1.679948677e-02     0.000000000e+00 
       1827     7.615477126e-02     4.244974301e-02     6.720137425e-02     3.243697307e-02     1.707488813e-02     0.000000000e+00 
       1828     7.738307405e-02     4.313441630e-02     6.828526737e-02     3.296015009e-02     1.735028958e-02     0.000000000e+00 
       1829     7.861137674e-02     4.381908958e-02     6.936916049e-02     3.348332702e-02     1.762569102e-02     0.000000000e+00 
       1830     7.983967953e-02     4.450376287e-02     7.045305361e-02     3.400650405e-02     1.790109247e-02     0.000000000e+00 
       1831     8.106798233e-02     4.518843616e-02     7.153694673e-02     3.452968098e-02     1.817649383e-02     0.000000000e+00 
       1832     8.229628501e-02     4.587310945e-02     7.262083995e-02     3.505285801e-02     1.845189528e-02     0.000000000e+00 
       1833     8.352458781e-02     4.655778274e-02     7.370473307e-02     3.557603494e-02     1.872729673e-02     0.000000000e+00 
       1834     8.475289060e-02     4.724245592e-02     7.478862619e-02     3.609921196e-02     1.900269809e-02     0.000000000e+00 
       1835     8.598119339e-02     4.792712921e-02     7.587251931e-02     3.662238899e-02     1.927809954e-02     0.000000000e+00 
       1836     8.720949608e-02     4.861180249e-02     7.695641243e-02     3.714556592e-02     1.955350099e-02     0.000000000e+00 
       1837     8.843779887e-02     4.929647578e-02     7.804030555e-02     3.766874295e-02     1.982890235e-02     0.000000000e+00 
       1838     8.966610167e-02     4.998114907e-02     7.912419868e-02     3.819191988e-02     2.010430379e-02     0.000000000e+00 
       1839     9.089440435e-02     5.066582236e-02     8.020809180e-02     3.871509690e-02     2.037970524e-02     0.000000000e+00 
       1840     9.212270714e-02     5.135049565e-02     8.129198501e-02     3.923827384e-02     2.065510669e-02     0.000000000e+00 
       1841     9.335100994e-02     5.203516894e-02     8.237587814e-02     3.976145086e-02     2.093050805e-02     0.000000000e+00 
       1842     9.457931273e-02     5.271984212e-02     8.345977126e-02     4.028462780e-02     2.120590950e-02     0.000000000e+00 
       1843     9.580761542e-02     5.340451540e-02     8.454366438e-02     4.080780482e-02     2.148131095e-02     0.000000000e+00 
       1844     9.703591821e-02     5.408918869e-02     8.562755750e-02     4.133098184e-02     2.175671231e-02     0.000000000e+00 
       1845     9.826422101e-02     5.477386198e-02     8.671145062e-02     4.185415878e-02     2.203211376e-02     0.000000000e+00 
       1846     9.949252369e-02     5.545853527e-02     8.779534374e-02     4.237733580e-02     2.230751521e-02     0.000000000e+00 
       1847     1.007208265e-01     5.614320856e-02     8.887923686e-02     4.290051274e-02     2.258291657e-02     0.000000000e+00 
       1848     1.019491293e-01     5.682788185e-02     8.996313008e-02     4.342368976e-02     2.285831801e-02     0.000000000e+00 
       1849     1.031774321e-01     5.751255514e-02     9.104702320e-02     4.394686670e-02     2.313371946e-02     0.000000000e+00 
       1850     1.044057348e-01     5.819722831e-02     9.213091632e-02     4.447004372e-02     2.340912091e-02     0.000000000e+00 
       1851     1.026091986e-01     5.719581380e-02     9.054559610e-02     4.940470915e-02     2.600673877e-02     0.000000000e+00 
       1852     1.142655967e-01     6.369325446e-02     1.008315699e-01     5.015942269e-02     2.640402148e-02     0.000000000e+00 
       1853     1.138206803e-01     6.344525155e-02     1.004389609e-01     5.062386176e-02     2.664850306e-02     0.000000000e+00 
       1854     1.132893108e-01     6.314905858e-02     9.997006353e-02     5.108830091e-02     2.689298481e-02     0.000000000e+00 
       1855     1.126630528e-01     6.279997393e-02     9.941743458e-02     5.137857538e-02     2.704578586e-02     0.000000000e+00 
       1856     1.137489870e-01     6.340528905e-02     1.003756971e-01     5.155273998e-02     2.713746647e-02     0.000000000e+00 
       1857     1.148560075e-01     6.402235791e-02     1.013525675e-01     5.166884967e-02     2.719858691e-02     0.000000000e+00 
       1858     1.159440506e-01     6.462884835e-02     1.023126901e-01     5.172690468e-02     2.722914717e-02     0.000000000e+00 
       1859     1.170342025e-01     6.523651411e-02     1.032746748e-01     5.184301445e-02     2.729026752e-02     0.000000000e+00 
       1860     1.181201367e-01     6.584182934e-02     1.042329373e-01     5.190106929e-02     2.732082779e-02     0.000000000e+00 
       1861     1.203636984e-01     6.709242208e-02     1.062127271e-01     5.863543625e-02     3.086581213e-02     0.000000000e+00 
       1862     1.079334399e-01     6.016362091e-02     9.524387466e-02     6.014486323e-02     3.166037755e-02     0.000000000e+00 
       1863     1.078638559e-01     6.012483384e-02     9.518247150e-02     6.159623554e-02     3.242438289e-02     0.000000000e+00 
       1864     1.078406611e-01     6.011190466e-02     9.516200371e-02     6.293149783e-02     3.312726762e-02     0.000000000e+00 
       1865     1.078469868e-01     6.011543073e-02     9.516758565e-02     6.415065060e-02     3.376903209e-02     0.000000000e+00 
       1866     1.077942715e-01     6.008604654e-02     9.512106814e-02     6.519563851e-02     3.431911585e-02     0.000000000e+00 
       1867     1.073704409e-01     5.984979738e-02     9.474706662e-02     6.618257167e-02     3.483863944e-02     0.000000000e+00 
       1868     1.069086553e-01     5.959239159e-02     9.433957236e-02     6.705339488e-02     3.529704259e-02     0.000000000e+00 
       1869     1.064574126e-01     5.934086250e-02     9.394138160e-02     6.798227320e-02     3.578600592e-02     0.000000000e+00 
       1870     1.060841886e-01     5.913282220e-02     9.361203692e-02     6.879504157e-02     3.621384890e-02     0.000000000e+00 
       1871     1.088612284e-01     6.068078335e-02     9.606258455e-02     1.075757060e-01     5.662806914e-02     0.000000000e+00 
       1872     1.265292746e-01     7.052920156e-02     1.116534270e-01     1.195930677e-01     6.295403266e-02     0.000000000e+00 
       1873     1.282098373e-01     7.146597066e-02     1.131364083e-01     1.297526734e-01     6.830206943e-02     0.000000000e+00 
       1874     1.292219704e-01     7.203014796e-02     1.140295460e-01     1.337004059e-01     7.038016370e-02     0.000000000e+00 
       1875     1.304280950e-01     7.270245902e-02     1.150938691e-01     1.368934247e-01     7.206097525e-02     0.000000000e+00 
       1876     1.315456587e-01     7.332540470e-02     1.160800419e-01     1.459499873e-01     7.682836799e-02     0.000000000e+00 
       1877     1.326062899e-01     7.391661544e-02     1.170159764e-01     1.493171705e-01     7.860086016e-02     0.000000000e+00 
       1878     1.336627035e-01     7.450547532e-02     1.179481898e-01     1.521038044e-01     8.006775014e-02     0.000000000e+00 
       1879     1.346853798e-01     7.507552944e-02     1.188506310e-01     1.545421104e-01     8.135127907e-02     0.000000000e+00 
       1880     1.357565542e-01     7.567261688e-02     1.197958689e-01     1.568062504e-01     8.254312721e-02     0.000000000e+00 
       1881     1.428288329e-01     7.961480507e-02     1.260366715e-01     1.587801171e-01     8.358217439e-02     0.000000000e+00 
       1882     1.327075028e-01     7.397303307e-02     1.171052903e-01     1.606378739e-01     8.456010131e-02     0.000000000e+00 
       1883     1.332283302e-01     7.426334923e-02     1.175648842e-01     1.625536843e-01     8.556858796e-02     0.000000000e+00 
       1884     1.334897973e-01     7.440909508e-02     1.177956112e-01     1.644694956e-01     8.657707470e-02     0.000000000e+00 
       1885     1.336943330e-01     7.452310588e-02     1.179761001e-01     1.663272524e-01     8.755500145e-02     0.000000000e+00 
       1886     1.335530563e-01     7.444435609e-02     1.178514327e-01     1.756160347e-01     9.244463559e-02     0.000000000e+00 
       1887     1.331292251e-01     7.420810692e-02     1.174774314e-01     1.784607240e-01     9.394208539e-02     0.000000000e+00 
       1888     1.325577918e-01     7.388958189e-02     1.169731806e-01     1.810151390e-01     9.528673520e-02     0.000000000e+00 
       1889     1.321803510e-01     7.367919085e-02     1.166401142e-01     1.831051147e-01     9.638690203e-02     0.000000000e+00 
       1890     1.317860405e-01     7.345939670e-02     1.162921621e-01     1.850789805e-01     9.742594921e-02     0.000000000e+00 
       1891     1.320472352e-01     7.360499043e-02     1.165226490e-01     1.867641519e-01     9.831302672e-02     0.000000000e+00 
       1892     1.327706604e-01     7.400823796e-02     1.171610224e-01     1.882355965e-01     9.908759803e-02     0.000000000e+00 
       1893     1.338660784e-01     7.461883920e-02     1.181276539e-01     1.895658196e-01     9.978783074e-02     0.000000000e+00 
       1894     1.352432505e-01     7.538649427e-02     1.193429138e-01     1.908273274e-01     1.004518907e-01     0.000000000e+00 
       1895     1.368119381e-01     7.626090308e-02     1.207271736e-01     1.920926235e-01     1.011179448e-01     0.000000000e+00 
       1896     1.384819036e-01     7.719176542e-02     1.222008039e-01     1.934342157e-01     1.018241614e-01     0.000000000e+00 
       1897     1.401629095e-01     7.812878132e-02     1.236841761e-01     1.949246050e-01     1.026087064e-01     0.000000000e+00 
       1898     1.417647159e-01     7.902165089e-02     1.250976606e-01     1.966362994e-01     1.035097448e-01     0.000000000e+00 
       1899     1.431970853e-01     7.982007382e-02     1.263616279e-01     1.986418016e-01     1.045654460e-01     0.000000000e+00 
       1900     1.443697791e-01     8.047375013e-02     1.273964506e-01     2.010136203e-01     1.058139759e-01     0.000000000e+00 
       1901     1.453161321e-01     8.100126033e-02     1.282315418e-01     2.044849604e-01     1.076412963e-01     0.000000000e+00 
       1902     1.461518071e-01     8.146707760e-02     1.289689680e-01     2.095300625e-01     1.102970481e-01     0.000000000e+00 
       1903     1.469100620e-01     8.188973949e-02     1.296380760e-01     2.158329781e-01     1.136149157e-01     0.000000000e+00 
       1904     1.476241544e-01     8.228778453e-02     1.302682135e-01     2.230777585e-01     1.174285828e-01     0.000000000e+00 
       1905     1.483273409e-01     8.267975070e-02     1.308887281e-01     2.309484553e-01     1.215717337e-01     0.000000000e+00 
       1906     1.490528794e-01     8.308417609e-02     1.315289656e-01     2.391291216e-01     1.258780529e-01     0.000000000e+00 
       1907     1.498340274e-01     8.351959880e-02     1.322182757e-01     2.473038065e-01     1.301812231e-01     0.000000000e+00 
       1908     1.507040405e-01     8.400455690e-02     1.329860029e-01     2.551565637e-01     1.343149305e-01     0.000000000e+00 
       1909     1.516961786e-01     8.455758861e-02     1.338614971e-01     2.623714416e-01     1.381128570e-01     0.000000000e+00 
       1910     1.528436984e-01     8.519723190e-02     1.348741039e-01     2.686324956e-01     1.414086886e-01     0.000000000e+00 
       1911     1.542997139e-01     8.600883533e-02     1.361589380e-01     2.742175827e-01     1.443486896e-01     0.000000000e+00 
       1912     1.561441223e-01     8.703693508e-02     1.377865030e-01     2.796220120e-01     1.471935917e-01     0.000000000e+00 
       1913     1.583003568e-01     8.823885024e-02     1.396892317e-01     2.848560067e-01     1.499487778e-01     0.000000000e+00 
       1914     1.606918458e-01     8.957190024e-02     1.417995578e-01     2.899297913e-01     1.526196279e-01     0.000000000e+00 
       1915     1.632420226e-01     9.099340429e-02     1.440499132e-01     2.948535897e-01     1.552115258e-01     0.000000000e+00 
       1916     1.658743157e-01     9.246068181e-02     1.463727326e-01     2.996376255e-01     1.577298515e-01     0.000000000e+00 
       1917     1.685121570e-01     9.393105180e-02     1.487004467e-01     3.042921245e-01     1.601799888e-01     0.000000000e+00 
       1918     1.710789775e-01     9.536183379e-02     1.509654903e-01     3.088273084e-01     1.625673195e-01     0.000000000e+00 
       1919     1.734982080e-01     9.671034709e-02     1.531002962e-01     3.132534030e-01     1.648972247e-01     0.000000000e+00 
       1920     1.756932793e-01     9.793391070e-02     1.550372961e-01     3.175806335e-01     1.671750870e-01     0.000000000e+00 
       1921     1.778230632e-01     9.912108229e-02     1.569166850e-01     3.218448721e-01     1.694197909e-01     0.000000000e+00 
       1922     1.800570585e-01     1.003663424e-01     1.588880325e-01     3.260615275e-01     1.716394464e-01     0.000000000e+00 
       1923     1.823346331e-01     1.016358950e-01     1.608978366e-01     3.302101132e-01     1.738232704e-01     0.000000000e+00 
       1924     1.845951604e-01     1.028959443e-01     1.628925964e-01     3.342701461e-01     1.759604807e-01     0.000000000e+00 
       1925     1.867780085e-01     1.041126947e-01     1.648188108e-01     3.382211438e-01     1.780402935e-01     0.000000000e+00 
       1926     1.888225475e-01     1.052523502e-01     1.666229768e-01     3.420426201e-01     1.800519266e-01     0.000000000e+00 
       1927     1.906681499e-01     1.062811148e-01     1.682515954e-01     3.457140908e-01     1.819845960e-01     0.000000000e+00 
       1928     1.922541845e-01     1.071651929e-01     1.696511615e-01     3.492150738e-01     1.838275205e-01     0.000000000e+00 
       1929     1.935200228e-01     1.078707885e-01     1.707681771e-01     3.525250833e-01     1.855699161e-01     0.000000000e+00 
       1930     1.944050327e-01     1.083641058e-01     1.715491383e-01     3.556236380e-01     1.872010016e-01     0.000000000e+00 
       1931     1.949938175e-01     1.086923029e-01     1.720687004e-01     3.583362435e-01     1.886289225e-01     0.000000000e+00 
       1932     1.954377517e-01     1.089397580e-01     1.724604423e-01     3.606000806e-01     1.898206113e-01     0.000000000e+00 
       1933     1.957763644e-01     1.091285055e-01     1.727592445e-01     3.625621720e-01     1.908534602e-01     0.000000000e+00 
       1934     1.960491860e-01     1.092805802e-01     1.729999912e-01     3.643695389e-01     1.918048615e-01     0.000000000e+00 
       1935     1.962957467e-01     1.094180165e-01     1.732175637e-01     3.661692014e-01     1.927522073e-01     0.000000000e+00 
       1936     1.965555756e-01     1.095628489e-01     1.734468452e-01     3.681081841e-01     1.937728917e-01     0.000000000e+00 
       1937     1.968682030e-01     1.097371117e-01     1.737227173e-01     3.703335063e-01     1.949443059e-01     0.000000000e+00 
       1938     1.972731592e-01     1.099628398e-01     1.740800630e-01     3.729921917e-01     1.963438430e-01     0.000000000e+00 
       1939     1.978099712e-01     1.102620665e-01     1.745537629e-01     3.762312613e-01     1.980488961e-01     0.000000000e+00 
       1940     1.985181746e-01     1.106568289e-01     1.751787040e-01     3.801977371e-01     2.001368574e-01     0.000000000e+00 
       1941     2.049650905e-01     1.142504305e-01     1.808676663e-01     3.882231027e-01     2.043614253e-01     0.000000000e+00 
       1942     2.210976712e-01     1.232429584e-01     1.951035642e-01     4.026186115e-01     2.119392505e-01     0.000000000e+00 
       1943     2.445248841e-01     1.363016172e-01     2.157764764e-01     4.220009327e-01     2.221421434e-01     0.000000000e+00 
       1944     2.728556955e-01     1.520936111e-01     2.407764795e-01     4.449867387e-01     2.342419179e-01     0.000000000e+00 
       1945     3.036990715e-01     1.692861437e-01     2.679936481e-01     4.701926985e-01     2.475103864e-01     0.000000000e+00 
       1946     3.346639783e-01     1.865464191e-01     2.953180588e-01     4.962354854e-01     2.612193620e-01     0.000000000e+00 
       1947     3.633593833e-01     2.025416431e-01     3.206397913e-01     5.217317677e-01     2.746406567e-01     0.000000000e+00 
       1948     3.873942538e-01     2.159390178e-01     3.418489191e-01     5.452982177e-01     2.870460838e-01     0.000000000e+00 
       1949     4.043775538e-01     2.254057486e-01     3.568355188e-01     5.655515045e-01     2.977074545e-01     0.000000000e+00 
       1950     4.119182505e-01     2.296090401e-01     3.634896680e-01     5.811083022e-01     3.058965847e-01     0.000000000e+00 
       1951     4.136679524e-01     2.305843483e-01     3.650336601e-01     5.928457578e-01     3.120752044e-01     0.000000000e+00 
       1952     4.149507684e-01     2.312994082e-01     3.661656576e-01     6.028604688e-01     3.173469689e-01     0.000000000e+00 
       1953     4.158844308e-01     2.318198439e-01     3.669895506e-01     6.115982812e-01     3.219465713e-01     0.000000000e+00 
       1954     4.165866693e-01     2.322112818e-01     3.676092279e-01     6.195050416e-01     3.261087054e-01     0.000000000e+00 
       1955     4.171752193e-01     2.325393482e-01     3.681285827e-01     6.270265931e-01     3.300680651e-01     0.000000000e+00 
       1956     4.177678062e-01     2.328696637e-01     3.686514999e-01     6.346087834e-01     3.340593461e-01     0.000000000e+00 
       1957     4.184821631e-01     2.332678570e-01     3.692818715e-01     6.426974564e-01     3.383172396e-01     0.000000000e+00 
       1958     4.194360211e-01     2.337995510e-01     3.701235865e-01     6.517384580e-01     3.430764413e-01     0.000000000e+00 
       1959     4.207471132e-01     2.345303721e-01     3.712805350e-01     6.621776323e-01     3.485716433e-01     0.000000000e+00 
       1960     4.225331661e-01     2.355259431e-01     3.728566039e-01     6.744608259e-01     3.550375412e-01     0.000000000e+00 
       1961     4.324787866e-01     2.410697721e-01     3.816329342e-01     6.897845197e-01     3.631039649e-01     0.000000000e+00 
       1962     4.562113623e-01     2.542986439e-01     4.025753079e-01     7.086210563e-01     3.730195559e-01     0.000000000e+00 
       1963     4.907627928e-01     2.735580995e-01     4.330645814e-01     7.303300761e-01     3.844472278e-01     0.000000000e+00 
       1964     5.331649823e-01     2.971936767e-01     4.704816113e-01     7.542712205e-01     3.970498951e-01     0.000000000e+00 
       1965     5.804498326e-01     3.235509199e-01     5.122072563e-01     7.798041306e-01     4.104904705e-01     0.000000000e+00 
       1966     6.296492492e-01     3.509753669e-01     5.556223739e-01     8.062884454e-01     4.244318668e-01     0.000000000e+00 
       1967     6.777951293e-01     3.778125598e-01     5.981078187e-01     8.330838068e-01     4.385369992e-01     0.000000000e+00 
       1968     7.219193806e-01     4.024080397e-01     6.370444513e-01     8.595498512e-01     4.524687805e-01     0.000000000e+00 
       1969     7.590539028e-01     4.231073456e-01     6.698131253e-01     8.850462274e-01     4.658901233e-01     0.000000000e+00 
       1970     7.862305999e-01     4.382560195e-01     6.937947013e-01     9.089325724e-01     4.784639431e-01     0.000000000e+00 
       1971     7.950910643e-01     4.474674713e-01     6.547032980e-01     6.609022211e-01     4.180764449e-01     0.000000000e+00 
       1972     8.296824342e-01     5.219971621e-01     7.569478186e-01     6.822589560e-01     4.636772300e-01     0.000000000e+00 
       1973     8.388723278e-01     4.883484044e-01     7.685443159e-01     7.273609778e-01     4.417102661e-01     0.000000000e+00 
       1974     8.368073241e-01     4.870024391e-01     6.884559708e-01     6.136357536e-01     4.682276693e-01     0.000000000e+00 
       1975     8.918970029e-01     5.151783624e-01     7.120235438e-01     6.963120061e-01     5.016759701e-01     0.000000000e+00 
       1976     9.297079028e-01     5.291020675e-01     7.586544437e-01     6.673278192e-01     5.474920677e-01     0.000000000e+00 
       1977     9.285496360e-01     5.315632981e-01     8.936680679e-01     7.679059208e-01     5.131523944e-01     0.000000000e+00 
       1978     9.164563866e-01     5.343578058e-01     9.016877355e-01     7.425382892e-01     5.436694562e-01     0.000000000e+00 
       1979     9.867054831e-01     5.368495937e-01     9.432538921e-01     8.989799564e-01     5.665241980e-01     0.000000000e+00 
       1980     1.002960981e+00     5.485890677e-01     9.988396575e-01     8.819592056e-01     5.921797399e-01     0.000000000e+00 
       1981     9.700257305e-01     5.623516228e-01     9.747194767e-01     7.645548427e-01     5.735176968e-01     0.000000000e+00 
       1982     9.662790439e-01     5.713456796e-01     1.282409791e+00     8.647916865e-01     5.924697782e-01     0.000000000e+00 
       1983     9.527494269e-01     5.821929986e-01     1.232012657e+00     8.386327609e-01     5.906509238e-01     0.000000000e+00 
       1984     9.695682954e-01     5.981891633e-01     1.101107569e+00     7.322269746e-01     5.603975825e-01     0.000000000e+00 
       1985     9.966255145e-01     6.158140675e-01     1.078608889e+00     7.088376789e-01     5.790142090e-01     0.000000000e+00 
       1986     9.764350945e-01     6.375244798e-01     1.172718352e+00     7.069768164e-01     5.988139450e-01     0.000000000e+00 
       1987     9.537957265e-01     6.425535414e-01     1.362218229e+00     8.435473731e-01     6.541924021e-01     0.000000000e+00 
       1988     9.505928739e-01     6.404052556e-01     1.233227879e+00     6.967117387e-01     6.231908291e-01     0.000000000e+00 
       1989     1.003035751e+00     6.210216635e-01     1.217410215e+00     7.766122612e-01     6.309226408e-01     0.000000000e+00 
       1990     9.839430541e-01     5.966841574e-01     1.351756127e+00     1.002844548e+00     6.606687553e-01     0.000000000e+00 
       1991     9.857366005e-01     5.234542598e-01     1.501737197e+00     8.280725584e-01     6.512202984e-01     0.000000000e+00 
       1992     9.592909512e-01     4.656101885e-01     1.573086826e+00     1.131642566e+00     6.743772010e-01     0.000000000e+00 
       1993     9.646384274e-01     4.366670789e-01     1.408560048e+00     8.169792481e-01     7.085713494e-01     0.000000000e+00 
       1994     1.043298151e+00     3.932134345e-01     1.539647026e+00     8.783141969e-01     6.504707915e-01     0.000000000e+00 
       1995     1.006240608e+00     3.485873104e-01     1.517755344e+00     9.339601130e-01     6.783010786e-01     0.000000000e+00 
       1996     1.000252149e+00     4.445319062e-01     1.513179857e+00     8.701049956e-01     6.821777741e-01     0.000000000e+00 
       1997     1.010607534e+00     3.574657615e-01     2.076375803e+00     8.523131354e-01     6.920208719e-01     0.000000000e+00 
       1998     1.047758178e+00     4.829133129e-01     1.663160332e+00     8.552888173e-01     7.947977500e-01     0.000000000e+00 
       1999     1.040587475e+00     3.446174652e-01     1.600717481e+00     8.304282917e-01     7.301521028e-01     0.000000000e+00 
       2000     1.021827559e+00     3.514374762e-01     1.491170215e+00     8.676541305e-01     7.088881954e-01     0.000000000e+00 
       2001     1.027202902e+00     3.474825395e-01     1.543175248e+00     9.056540188e-01     7.296251396e-01     0.000000000e+00 
       2002     1.012114789e+00     3.928177765e-01     1.679776103e+00     8.748178114e-01     7.508180629e-01     0.000000000e+00 
       2003     1.016639423e+00     4.084484408e-01     1.572931828e+00     8.498902077e-01     8.102286566e-01     0.000000000e+00 
       2004     1.030792937e+00     3.256521427e-01     1.705083810e+00     8.679019371e-01     8.607572663e-01     0.000000000e+00 
       2005     1.002856292e+00     3.213806051e-01     1.784592851e+00     9.108475208e-01     8.827597399e-01     0.000000000e+00 
       2006     9.692585712e-01     2.956667133e-01     1.972101596e+00     1.198660365e+00     7.535863291e-01     0.000000000e+00 
       2007     1.003561144e+00     2.906435043e-01     1.716974448e+00     1.721031580e+00     7.712487996e-01     0.000000000e+00 
       2008     9.571985373e-01     2.878043732e-01     1.713701505e+00     1.318243565e+00     7.779746346e-01     0.000000000e+00 
       2009     9.770313176e-01     2.955466421e-01     1.875028522e+00     1.249886208e+00     7.771044213e-01     0.000000000e+00 
       2010     9.369097774e-01     3.061899316e-01     1.882319838e+00     1.242743820e+00     8.165198437e-01     0.000000000e+00 
