MAGICC 6.X DATA FILE  updated on 05 Feb 2014, 13:32:09 
 
 
 
DATA:  Historical landuse CH4 (CH4B) Emissions (HISTEDGAR_CH4B_EMIS) 
 
DESCRIPTION: MAGICC 6.X data file - Historical fossil&industrial CH4 (CH4I) Emissions (Emissions|CH4|AFOLU)
COMPILED BY: Peter Kolp, kolp@iiasa.ac.at
SOURCE:      EDGAR (default) data from IPCC WGIII History Database (https://tntcat.iiasa.ac.at/AR5HistoryDB/) (TAFOLU)
CONTACT:     Peter Kolp, kolp@iiasa.ac.at
 

 
&THISFILE_SPECIFICATIONS 
 THISFILE_DATACOLUMNS    =    6  ,
 THISFILE_FIRSTYEAR      = 1765  ,
 THISFILE_LASTYEAR       = 2010  ,
 THISFILE_ANNUALSTEPS    =    1  ,
 THISFILE_FIRSTDATAROW   =   24  ,
 THISFILE_UNITS          = 'MtCH4' ,
 THISFILE_DATTYPE        = 'REGIONDATA' ,
/  
    COLCODE              R5OECD               R5REF              R5ASIA               R5MAF               R5LAM             BUNKERS 
       1765     0.000000000e+00     0.000000000e+00     0.000000000e+00     0.000000000e+00     0.000000000e+00     0.000000000e+00 
       1766     1.469715185e-01     6.080119135e-02     1.252334360e-01     8.179374666e-02     2.460550684e-02     0.000000000e+00 
       1767     2.939430380e-01     1.216023823e-01     2.504668719e-01     1.635874931e-01     4.921101358e-02     0.000000000e+00 
       1768     4.409145564e-01     1.824035745e-01     3.757003079e-01     2.453812396e-01     7.381652041e-02     0.000000000e+00 
       1769     5.878860759e-01     2.432047656e-01     5.009337439e-01     3.271749861e-01     9.842202715e-02     0.000000000e+00 
       1770     7.348575944e-01     3.040059568e-01     6.261671799e-01     4.089687340e-01     1.230275342e-01     0.000000000e+00 
       1771     8.818291139e-01     3.648071479e-01     7.514006158e-01     4.907624805e-01     1.476330406e-01     0.000000000e+00 
       1772     1.028800636e+00     4.256083390e-01     8.766340518e-01     5.725562270e-01     1.722385471e-01     0.000000000e+00 
       1773     1.175772156e+00     4.864095302e-01     1.001867491e+00     6.543499736e-01     1.968440545e-01     0.000000000e+00 
       1774     1.322743665e+00     5.472107224e-01     1.127100926e+00     7.361437201e-01     2.214495609e-01     0.000000000e+00 
       1775     1.469715185e+00     6.080119135e-01     1.252334360e+00     8.179374666e-01     2.460550684e-01     0.000000000e+00 
       1776     1.616686704e+00     6.688131047e-01     1.377567794e+00     8.997312131e-01     2.706605748e-01     0.000000000e+00 
       1777     1.763658224e+00     7.296142958e-01     1.502801228e+00     9.815249597e-01     2.952660813e-01     0.000000000e+00 
       1778     1.910629743e+00     7.904154869e-01     1.628034671e+00     1.063318708e+00     3.198715887e-01     0.000000000e+00 
       1779     2.057601263e+00     8.512166781e-01     1.753268105e+00     1.145112454e+00     3.444770951e-01     0.000000000e+00 
       1780     2.204572782e+00     9.120178703e-01     1.878501540e+00     1.226906201e+00     3.690826016e-01     0.000000000e+00 
       1781     2.351544302e+00     9.728190615e-01     2.003734974e+00     1.308699947e+00     3.936881090e-01     0.000000000e+00 
       1782     2.498515821e+00     1.033620253e+00     2.128968408e+00     1.390493691e+00     4.182936154e-01     0.000000000e+00 
       1783     2.645487341e+00     1.094421444e+00     2.254201851e+00     1.472287438e+00     4.428991219e-01     0.000000000e+00 
       1784     2.792458860e+00     1.155222633e+00     2.379435285e+00     1.554081184e+00     4.675046293e-01     0.000000000e+00 
       1785     2.939430380e+00     1.216023823e+00     2.504668719e+00     1.635874931e+00     4.921101358e-01     0.000000000e+00 
       1786     3.086401899e+00     1.276825013e+00     2.629902154e+00     1.717668677e+00     5.167156422e-01     0.000000000e+00 
       1787     3.233373419e+00     1.337626214e+00     2.755135588e+00     1.799462424e+00     5.413211496e-01     0.000000000e+00 
       1788     3.380344938e+00     1.398427404e+00     2.880369031e+00     1.881256170e+00     5.659266561e-01     0.000000000e+00 
       1789     3.527316458e+00     1.459228594e+00     3.005602465e+00     1.963049917e+00     5.905321625e-01     0.000000000e+00 
       1790     3.674287977e+00     1.520029784e+00     3.130835899e+00     2.044843663e+00     6.151376699e-01     0.000000000e+00 
       1791     3.821259497e+00     1.580830974e+00     3.256069333e+00     2.126637410e+00     6.397431764e-01     0.000000000e+00 
       1792     3.968231006e+00     1.641632164e+00     3.381302768e+00     2.208431156e+00     6.643486838e-01     0.000000000e+00 
       1793     4.115202525e+00     1.702433354e+00     3.506536211e+00     2.290224903e+00     6.889541903e-01     0.000000000e+00 
       1794     4.262174045e+00     1.763234544e+00     3.631769645e+00     2.372018649e+00     7.135596967e-01     0.000000000e+00 
       1795     4.409145564e+00     1.824035745e+00     3.757003079e+00     2.453812396e+00     7.381652041e-01     0.000000000e+00 
       1796     4.556117084e+00     1.884836935e+00     3.882236513e+00     2.535606142e+00     7.627707106e-01     0.000000000e+00 
       1797     4.703088603e+00     1.945638125e+00     4.007469948e+00     2.617399889e+00     7.873762170e-01     0.000000000e+00 
       1798     4.850060123e+00     2.006439315e+00     4.132703391e+00     2.699193635e+00     8.119817244e-01     0.000000000e+00 
       1799     4.997031642e+00     2.067240505e+00     4.257936825e+00     2.780987382e+00     8.365872309e-01     0.000000000e+00 
       1800     5.144003162e+00     2.128041695e+00     4.383170259e+00     2.862781128e+00     8.611927373e-01     0.000000000e+00 
       1801     5.290974681e+00     2.188842885e+00     4.508403693e+00     2.944574875e+00     8.857982448e-01     0.000000000e+00 
       1802     5.437946201e+00     2.249644075e+00     4.633637127e+00     3.026368622e+00     9.104037512e-01     0.000000000e+00 
       1803     5.584917720e+00     2.310445265e+00     4.758870571e+00     3.108162368e+00     9.350092576e-01     0.000000000e+00 
       1804     5.731889240e+00     2.371246466e+00     4.884104005e+00     3.189956115e+00     9.596147651e-01     0.000000000e+00 
       1805     5.878860759e+00     2.432047656e+00     5.009337439e+00     3.271749861e+00     9.842202715e-01     0.000000000e+00 
       1806     6.025832279e+00     2.492848846e+00     5.134570873e+00     3.353543608e+00     1.008825780e+00     0.000000000e+00 
       1807     6.172803798e+00     2.553650036e+00     5.259804307e+00     3.435337354e+00     1.033431282e+00     0.000000000e+00 
       1808     6.319775318e+00     2.614451226e+00     5.385037750e+00     3.517131114e+00     1.058036795e+00     0.000000000e+00 
       1809     6.466746837e+00     2.675252417e+00     5.510271185e+00     3.598924861e+00     1.082642297e+00     0.000000000e+00 
       1810     6.613718347e+00     2.736053607e+00     5.635504619e+00     3.680718607e+00     1.107247810e+00     0.000000000e+00 
       1811     6.760689866e+00     2.796854797e+00     5.760738053e+00     3.762512354e+00     1.131853312e+00     0.000000000e+00 
       1812     6.907661386e+00     2.857655998e+00     5.885971487e+00     3.844306100e+00     1.156458815e+00     0.000000000e+00 
       1813     7.054632905e+00     2.918457188e+00     6.011204930e+00     3.926099847e+00     1.181064327e+00     0.000000000e+00 
       1814     7.201604425e+00     2.979258378e+00     6.136438364e+00     4.007893593e+00     1.205669829e+00     0.000000000e+00 
       1815     7.348575944e+00     3.040059568e+00     6.261671799e+00     4.089687340e+00     1.230275342e+00     0.000000000e+00 
       1816     7.495547464e+00     3.100860758e+00     6.386905233e+00     4.171481086e+00     1.254880844e+00     0.000000000e+00 
       1817     7.642518983e+00     3.161661948e+00     6.512138667e+00     4.253274833e+00     1.279486357e+00     0.000000000e+00 
       1818     7.789490503e+00     3.222463138e+00     6.637372110e+00     4.335068579e+00     1.304091859e+00     0.000000000e+00 
       1819     7.936462022e+00     3.283264328e+00     6.762605544e+00     4.416862326e+00     1.328697372e+00     0.000000000e+00 
       1820     8.083433542e+00     3.344065518e+00     6.887838978e+00     4.498656072e+00     1.353302874e+00     0.000000000e+00 
       1821     8.230405061e+00     3.404866719e+00     7.013072413e+00     4.580449819e+00     1.377908377e+00     0.000000000e+00 
       1822     8.377376581e+00     3.465667909e+00     7.138305847e+00     4.662243565e+00     1.402513889e+00     0.000000000e+00 
       1823     8.524348100e+00     3.526469099e+00     7.263539290e+00     4.744037312e+00     1.427119391e+00     0.000000000e+00 
       1824     8.671319620e+00     3.587270289e+00     7.388772724e+00     4.825831058e+00     1.451724904e+00     0.000000000e+00 
       1825     8.818291139e+00     3.648071479e+00     7.514006158e+00     4.907624805e+00     1.476330406e+00     0.000000000e+00 
       1826     8.965262659e+00     3.708872669e+00     7.639239593e+00     4.989418552e+00     1.500935919e+00     0.000000000e+00 
       1827     9.112234168e+00     3.769673859e+00     7.764473027e+00     5.071212298e+00     1.525541421e+00     0.000000000e+00 
       1828     9.259205687e+00     3.830475049e+00     7.889706470e+00     5.153006045e+00     1.550146924e+00     0.000000000e+00 
       1829     9.406177207e+00     3.891276250e+00     8.014939904e+00     5.234799791e+00     1.574752436e+00     0.000000000e+00 
       1830     9.553148726e+00     3.952077440e+00     8.140173338e+00     5.316593538e+00     1.599357938e+00     0.000000000e+00 
       1831     9.700120246e+00     4.012878630e+00     8.265406772e+00     5.398387284e+00     1.623963451e+00     0.000000000e+00 
       1832     9.847091765e+00     4.073679820e+00     8.390640207e+00     5.480181031e+00     1.648568953e+00     0.000000000e+00 
       1833     9.994063285e+00     4.134481010e+00     8.515873650e+00     5.561974777e+00     1.673174466e+00     0.000000000e+00 
       1834     1.014103480e+01     4.195282200e+00     8.641107084e+00     5.643768524e+00     1.697779968e+00     0.000000000e+00 
       1835     1.028800636e+01     4.256083390e+00     8.766340518e+00     5.725562270e+00     1.722385471e+00     0.000000000e+00 
       1836     1.043497781e+01     4.316884580e+00     8.891573952e+00     5.807356017e+00     1.746990983e+00     0.000000000e+00 
       1837     1.058194936e+01     4.377685770e+00     9.016807404e+00     5.889149763e+00     1.771596486e+00     0.000000000e+00 
       1838     1.072892091e+01     4.438486972e+00     9.142040821e+00     5.970943510e+00     1.796201998e+00     0.000000000e+00 
       1839     1.087589236e+01     4.499288162e+00     9.267274237e+00     6.052737256e+00     1.820807500e+00     0.000000000e+00 
       1840     1.102286391e+01     4.560089352e+00     9.392507743e+00     6.134531003e+00     1.845413013e+00     0.000000000e+00 
       1841     1.116983546e+01     4.620890542e+00     9.517741159e+00     6.216324749e+00     1.870018515e+00     0.000000000e+00 
       1842     1.131680691e+01     4.681691732e+00     9.642974575e+00     6.298118496e+00     1.894624028e+00     0.000000000e+00 
       1843     1.146377846e+01     4.742492922e+00     9.768207991e+00     6.379912243e+00     1.919229530e+00     0.000000000e+00 
       1844     1.161075001e+01     4.803294112e+00     9.893441408e+00     6.461705989e+00     1.943835033e+00     0.000000000e+00 
       1845     1.175772156e+01     4.864095302e+00     1.001867491e+01     6.543499736e+00     1.968440545e+00     0.000000000e+00 
       1846     1.190469301e+01     4.924896503e+00     1.014390833e+01     6.625293482e+00     1.993046047e+00     0.000000000e+00 
       1847     1.205166456e+01     4.985697693e+00     1.026914175e+01     6.707087229e+00     2.017651560e+00     0.000000000e+00 
       1848     1.219863611e+01     5.046498883e+00     1.039437516e+01     6.788880975e+00     2.042257062e+00     0.000000000e+00 
       1849     1.234560756e+01     5.107300073e+00     1.051960858e+01     6.870674722e+00     2.066862575e+00     0.000000000e+00 
       1850     1.249257911e+01     5.168101263e+00     1.064484208e+01     6.952468468e+00     2.091468077e+00     0.000000000e+00 
       1851     1.273753674e+01     5.210060692e+00     1.067157858e+01     6.960279658e+00     2.092072279e+00     0.000000000e+00 
       1852     1.298249438e+01     5.252020121e+00     1.069831517e+01     6.968090861e+00     2.092676482e+00     0.000000000e+00 
       1853     1.322745201e+01     5.293979550e+00     1.072505167e+01     6.975902050e+00     2.093280684e+00     0.000000000e+00 
       1854     1.347240954e+01     5.335938980e+00     1.075178825e+01     6.983713253e+00     2.093884886e+00     0.000000000e+00 
       1855     1.371736718e+01     5.377898409e+00     1.077852484e+01     6.991524443e+00     2.094489078e+00     0.000000000e+00 
       1856     1.396232481e+01     5.419857838e+00     1.080526134e+01     6.999335633e+00     2.095093281e+00     0.000000000e+00 
       1857     1.420728245e+01     5.461817267e+00     1.083199793e+01     7.007146836e+00     2.095697483e+00     0.000000000e+00 
       1858     1.445224008e+01     5.503776696e+00     1.085873442e+01     7.014958025e+00     2.096301685e+00     0.000000000e+00 
       1859     1.469719761e+01     5.545736126e+00     1.088547101e+01     7.022769228e+00     2.096905887e+00     0.000000000e+00 
       1860     1.494215525e+01     5.587695555e+00     1.091220751e+01     7.030580418e+00     2.097510090e+00     0.000000000e+00 
       1861     1.434368051e+01     5.319266849e+00     1.124200181e+01     7.000165217e+00     2.109226773e+00     0.000000000e+00 
       1862     1.374520576e+01     5.050838155e+00     1.157179611e+01     6.969750029e+00     2.120943457e+00     0.000000000e+00 
       1863     1.314673102e+01     4.782409450e+00     1.190159041e+01     6.939334842e+00     2.132660131e+00     0.000000000e+00 
       1864     1.254825628e+01     4.513980745e+00     1.223138471e+01     6.908919641e+00     2.144376815e+00     0.000000000e+00 
       1865     1.194978154e+01     4.245552040e+00     1.256117892e+01     6.878504440e+00     2.156093499e+00     0.000000000e+00 
       1866     1.135130680e+01     3.977123345e+00     1.289097322e+01     6.848089252e+00     2.167810182e+00     0.000000000e+00 
       1867     1.075283205e+01     3.708694640e+00     1.322076752e+01     6.817674051e+00     2.179526866e+00     0.000000000e+00 
       1868     1.015435725e+01     3.440265935e+00     1.355056182e+01     6.787258863e+00     2.191243540e+00     0.000000000e+00 
       1869     9.555882499e+00     3.171837241e+00     1.388035612e+01     6.756843676e+00     2.202960224e+00     0.000000000e+00 
       1870     8.957407747e+00     2.903408535e+00     1.421015033e+01     6.726428475e+00     2.214676908e+00     0.000000000e+00 
       1871     9.396879635e+00     3.027427382e+00     1.549145251e+01     6.782150794e+00     2.231370620e+00     0.000000000e+00 
       1872     9.836351532e+00     3.151446229e+00     1.677275468e+01     6.837873113e+00     2.248064342e+00     0.000000000e+00 
       1873     1.027582340e+01     3.275465076e+00     1.805405677e+01     6.893595433e+00     2.264758055e+00     0.000000000e+00 
       1874     1.071529536e+01     3.399483923e+00     1.933535894e+01     6.949317752e+00     2.281451777e+00     0.000000000e+00 
       1875     1.115476722e+01     3.523502770e+00     2.061666103e+01     7.005040071e+00     2.298145490e+00     0.000000000e+00 
       1876     1.159423907e+01     3.647521606e+00     2.189796320e+01     7.060762390e+00     2.314839202e+00     0.000000000e+00 
       1877     1.203371103e+01     3.771540453e+00     2.317926528e+01     7.116484710e+00     2.331532925e+00     0.000000000e+00 
       1878     1.247318289e+01     3.895559300e+00     2.446056746e+01     7.172207029e+00     2.348226637e+00     0.000000000e+00 
       1879     1.291265475e+01     4.019578147e+00     2.574186954e+01     7.227929348e+00     2.364920359e+00     0.000000000e+00 
       1880     1.335212671e+01     4.143596994e+00     2.702317172e+01     7.283651667e+00     2.381614072e+00     0.000000000e+00 
       1881     1.380491092e+01     4.271376483e+00     2.834331844e+01     7.341064941e+00     2.398812943e+00     0.000000000e+00 
       1882     1.425769504e+01     4.399155973e+00     2.966346516e+01     7.398478214e+00     2.416011815e+00     0.000000000e+00 
       1883     1.471047926e+01     4.526935451e+00     3.098361188e+01     7.455891488e+00     2.433210676e+00     0.000000000e+00 
       1884     1.516326348e+01     4.654714940e+00     3.230375859e+01     7.513304761e+00     2.450409548e+00     0.000000000e+00 
       1885     1.561604770e+01     4.782494430e+00     3.362390531e+01     7.570718035e+00     2.467608419e+00     0.000000000e+00 
       1886     1.606883192e+01     4.910273919e+00     3.494405203e+01     7.628131309e+00     2.484807291e+00     0.000000000e+00 
       1887     1.652161614e+01     5.038053408e+00     3.626419875e+01     7.685544582e+00     2.502006162e+00     0.000000000e+00 
       1888     1.697440035e+01     5.165832887e+00     3.758434547e+01     7.742957856e+00     2.519205024e+00     0.000000000e+00 
       1889     1.742718457e+01     5.293612376e+00     3.890449219e+01     7.800371129e+00     2.536403895e+00     0.000000000e+00 
       1890     1.787996879e+01     5.421391865e+00     4.022463891e+01     7.857784403e+00     2.553602767e+00     0.000000000e+00 
       1891     1.821037868e+01     5.445001992e+00     4.043013365e+01     7.873256598e+00     2.592197345e+00     0.000000000e+00 
       1892     1.854078866e+01     5.468612118e+00     4.063562848e+01     7.888728807e+00     2.630791933e+00     0.000000000e+00 
       1893     1.887119855e+01     5.492222245e+00     4.084112322e+01     7.904201003e+00     2.669386511e+00     0.000000000e+00 
       1894     1.920160853e+01     5.515832371e+00     4.104661805e+01     7.919673212e+00     2.707981099e+00     0.000000000e+00 
       1895     1.953201842e+01     5.539442498e+00     4.125211279e+01     7.935145407e+00     2.746575677e+00     0.000000000e+00 
       1896     1.986242840e+01     5.563052624e+00     4.145760762e+01     7.950617603e+00     2.785170255e+00     0.000000000e+00 
       1897     2.019283829e+01     5.586662750e+00     4.166310236e+01     7.966089812e+00     2.823764843e+00     0.000000000e+00 
       1898     2.052324828e+01     5.610272877e+00     4.186859718e+01     7.981562007e+00     2.862359421e+00     0.000000000e+00 
       1899     2.085365816e+01     5.633883003e+00     4.207409192e+01     7.997034216e+00     2.900954009e+00     0.000000000e+00 
       1900     2.118406815e+01     5.657493130e+00     4.227958675e+01     8.012506412e+00     2.939548587e+00     0.000000000e+00 
       1901     2.101148987e+01     5.746013209e+00     4.228929144e+01     8.047624028e+00     3.082735003e+00     0.000000000e+00 
       1902     2.083891150e+01     5.834533289e+00     4.229899605e+01     8.082741631e+00     3.225921420e+00     0.000000000e+00 
       1903     2.066633323e+01     5.923053369e+00     4.230870074e+01     8.117859247e+00     3.369107836e+00     0.000000000e+00 
       1904     2.049375486e+01     6.011573448e+00     4.231840543e+01     8.152976849e+00     3.512294253e+00     0.000000000e+00 
       1905     2.032117659e+01     6.100093528e+00     4.232811012e+01     8.188094465e+00     3.655480669e+00     0.000000000e+00 
       1906     2.014859832e+01     6.188613607e+00     4.233781472e+01     8.223212081e+00     3.798667086e+00     0.000000000e+00 
       1907     1.997601994e+01     6.277133687e+00     4.234751941e+01     8.258329684e+00     3.941853502e+00     0.000000000e+00 
       1908     1.980344167e+01     6.365653767e+00     4.235722410e+01     8.293447300e+00     4.085039919e+00     0.000000000e+00 
       1909     1.963086330e+01     6.454173846e+00     4.236692879e+01     8.328564902e+00     4.228226335e+00     0.000000000e+00 
       1910     1.945828503e+01     6.542693926e+00     4.237663339e+01     8.363682518e+00     4.371412752e+00     0.000000000e+00 
       1911     1.956743536e+01     6.682138226e+00     4.289394447e+01     8.494493254e+00     4.371567723e+00     0.000000000e+00 
       1912     1.967658569e+01     6.821582525e+00     4.341125545e+01     8.625303990e+00     4.371722705e+00     0.000000000e+00 
       1913     1.978573602e+01     6.961026825e+00     4.392856652e+01     8.756114725e+00     4.371877676e+00     0.000000000e+00 
       1914     1.989488624e+01     7.100471125e+00     4.444587750e+01     8.886925461e+00     4.372032657e+00     0.000000000e+00 
       1915     2.000403657e+01     7.239915425e+00     4.496318857e+01     9.017736196e+00     4.372187629e+00     0.000000000e+00 
       1916     2.011318690e+01     7.379359724e+00     4.548049956e+01     9.148546932e+00     4.372342600e+00     0.000000000e+00 
       1917     2.022233723e+01     7.518804024e+00     4.599781063e+01     9.279357667e+00     4.372497582e+00     0.000000000e+00 
       1918     2.033148756e+01     7.658248324e+00     4.651512161e+01     9.410168403e+00     4.372652553e+00     0.000000000e+00 
       1919     2.044063789e+01     7.797692623e+00     4.703243259e+01     9.540979139e+00     4.372807534e+00     0.000000000e+00 
       1920     2.054978822e+01     7.937136923e+00     4.754974367e+01     9.671789874e+00     4.372962506e+00     0.000000000e+00 
       1921     2.062766243e+01     8.088388748e+00     4.779508202e+01     9.816308989e+00     4.328837437e+00     0.000000000e+00 
       1922     2.070553674e+01     8.239640572e+00     4.804042037e+01     9.960828103e+00     4.284712368e+00     0.000000000e+00 
       1923     2.078341104e+01     8.390892397e+00     4.828575873e+01     1.010534722e+01     4.240587308e+00     0.000000000e+00 
       1924     2.086128535e+01     8.542144222e+00     4.853109717e+01     1.024986633e+01     4.196462239e+00     0.000000000e+00 
       1925     2.093915966e+01     8.693396046e+00     4.877643553e+01     1.039438545e+01     4.152337170e+00     0.000000000e+00 
       1926     2.101703386e+01     8.844647871e+00     4.902177388e+01     1.053890456e+01     4.108212101e+00     0.000000000e+00 
       1927     2.109490817e+01     8.995899696e+00     4.926711224e+01     1.068342368e+01     4.064087032e+00     0.000000000e+00 
       1928     2.117278247e+01     9.147151520e+00     4.951245059e+01     1.082794279e+01     4.019961972e+00     0.000000000e+00 
       1929     2.125065678e+01     9.298403345e+00     4.975778904e+01     1.097246191e+01     3.975836903e+00     0.000000000e+00 
       1930     2.132853109e+01     9.449655170e+00     5.000312739e+01     1.111698102e+01     3.931711834e+00     0.000000000e+00 
       1931     2.145520063e+01     9.246641714e+00     5.023387987e+01     1.112142176e+01     4.050924638e+00     0.000000000e+00 
       1932     2.158187007e+01     9.043628259e+00     5.046463245e+01     1.112586250e+01     4.170137442e+00     0.000000000e+00 
       1933     2.170853961e+01     8.840614804e+00     5.069538493e+01     1.113030324e+01     4.289350246e+00     0.000000000e+00 
       1934     2.183520916e+01     8.637601348e+00     5.092613741e+01     1.113474399e+01     4.408563051e+00     0.000000000e+00 
       1935     2.196187870e+01     8.434587893e+00     5.115688999e+01     1.113918473e+01     4.527775855e+00     0.000000000e+00 
       1936     2.208854824e+01     8.231574437e+00     5.138764247e+01     1.114362547e+01     4.646988659e+00     0.000000000e+00 
       1937     2.221521768e+01     8.028560982e+00     5.161839504e+01     1.114806621e+01     4.766201463e+00     0.000000000e+00 
       1938     2.234188723e+01     7.825547527e+00     5.184914753e+01     1.115250695e+01     4.885414267e+00     0.000000000e+00 
       1939     2.246855677e+01     7.622534071e+00     5.207990001e+01     1.115694769e+01     5.004627071e+00     0.000000000e+00 
       1940     2.259522631e+01     7.419520616e+00     5.231065258e+01     1.116138844e+01     5.123839875e+00     0.000000000e+00 
       1941     2.257539087e+01     7.634523931e+00     5.237475326e+01     1.207010099e+01     5.297653872e+00     0.000000000e+00 
       1942     2.255555553e+01     7.849527245e+00     5.243885393e+01     1.297881354e+01     5.471467868e+00     0.000000000e+00 
       1943     2.253572008e+01     8.064530560e+00     5.250295469e+01     1.388752609e+01     5.645281865e+00     0.000000000e+00 
       1944     2.251588464e+01     8.279533874e+00     5.256705536e+01     1.479623864e+01     5.819095861e+00     0.000000000e+00 
       1945     2.249604930e+01     8.494537189e+00     5.263115603e+01     1.570495119e+01     5.992909858e+00     0.000000000e+00 
       1946     2.247621386e+01     8.709540503e+00     5.269525679e+01     1.661366374e+01     6.166723844e+00     0.000000000e+00 
       1947     2.245637851e+01     8.924543818e+00     5.275935747e+01     1.752237629e+01     6.340537840e+00     0.000000000e+00 
       1948     2.243654307e+01     9.139547133e+00     5.282345814e+01     1.843108885e+01     6.514351837e+00     0.000000000e+00 
       1949     2.241670763e+01     9.354550447e+00     5.288755890e+01     1.933980140e+01     6.688165833e+00     0.000000000e+00 
       1950     2.239687229e+01     9.569553762e+00     5.295165957e+01     2.024851395e+01     6.861979830e+00     0.000000000e+00 
       1951     2.268648608e+01     9.793635240e+00     5.427982320e+01     2.002855492e+01     7.783440311e+00     0.000000000e+00 
       1952     2.297609998e+01     1.001771672e+01     5.560798682e+01     1.980859590e+01     8.704900792e+00     0.000000000e+00 
       1953     2.326571388e+01     1.024179820e+01     5.693615045e+01     1.958863701e+01     9.626361273e+00     0.000000000e+00 
       1954     2.355532768e+01     1.046587967e+01     5.826431399e+01     1.936867798e+01     1.054782177e+01     0.000000000e+00 
       1955     2.384494158e+01     1.068996115e+01     5.959247761e+01     1.914871896e+01     1.146928224e+01     0.000000000e+00 
       1956     2.413455538e+01     1.091404263e+01     6.092064124e+01     1.892875993e+01     1.239074270e+01     0.000000000e+00 
       1957     2.442416928e+01     1.113812414e+01     6.224880486e+01     1.870880091e+01     1.331220316e+01     0.000000000e+00 
       1958     2.471378308e+01     1.136220561e+01     6.357696849e+01     1.848884202e+01     1.423366372e+01     0.000000000e+00 
       1959     2.500339698e+01     1.158628707e+01     6.490513212e+01     1.826888299e+01     1.515512418e+01     0.000000000e+00 
       1960     2.529301078e+01     1.181036854e+01     6.623329574e+01     1.804892397e+01     1.607658464e+01     0.000000000e+00 
       1961     2.553682448e+01     1.197374298e+01     6.623848378e+01     1.851578897e+01     1.645538019e+01     0.000000000e+00 
       1962     2.578063818e+01     1.213711731e+01     6.624367172e+01     1.898265396e+01     1.683417564e+01     0.000000000e+00 
       1963     2.602445188e+01     1.230049175e+01     6.624885975e+01     1.944951909e+01     1.721297120e+01     0.000000000e+00 
       1964     2.626826558e+01     1.246386620e+01     6.625404779e+01     1.991638408e+01     1.759176675e+01     0.000000000e+00 
       1965     2.651207938e+01     1.262724064e+01     6.625923582e+01     2.038324908e+01     1.797056230e+01     0.000000000e+00 
       1966     2.675589308e+01     1.279061497e+01     6.626442377e+01     2.085011407e+01     1.834935775e+01     0.000000000e+00 
       1967     2.699970678e+01     1.295398941e+01     6.626961180e+01     2.131697907e+01     1.872815330e+01     0.000000000e+00 
       1968     2.724352048e+01     1.311736385e+01     6.627479983e+01     2.178384420e+01     1.910694885e+01     0.000000000e+00 
       1969     2.748733418e+01     1.328073818e+01     6.627998787e+01     2.225070919e+01     1.948574431e+01     0.000000000e+00 
       1970     2.773114788e+01     1.344411262e+01     6.628517581e+01     2.271757419e+01     1.986453986e+01     0.000000000e+00 
       1971     2.772523339e+01     1.389771312e+01     6.580387198e+01     1.678131880e+01     1.800789502e+01     0.000000000e+00 
       1972     2.806895519e+01     1.522662151e+01     6.975961662e+01     1.725973309e+01     1.949718156e+01     0.000000000e+00 
       1973     2.793987619e+01     1.482002224e+01     6.868287343e+01     1.829617128e+01     1.900590779e+01     0.000000000e+00 
       1974     2.887298462e+01     1.503732336e+01     6.595891175e+01     1.588875979e+01     1.995678260e+01     0.000000000e+00 
       1975     2.929407588e+01     1.540698200e+01     6.642719203e+01     1.782614304e+01     2.118039432e+01     0.000000000e+00 
       1976     2.957546150e+01     1.568187133e+01     6.748019832e+01     1.712011730e+01     2.288689672e+01     0.000000000e+00 
       1977     2.911877491e+01     1.565222877e+01     7.131050761e+01     1.936209083e+01     2.182428642e+01     0.000000000e+00 
       1978     2.825797645e+01     1.580957508e+01     6.850787687e+01     1.902653826e+01     2.267076077e+01     0.000000000e+00 
       1979     2.888402591e+01     1.597928640e+01     6.857798573e+01     2.266361782e+01     2.322985171e+01     0.000000000e+00 
       1980     2.954195798e+01     1.601722244e+01     6.943641885e+01     2.190559372e+01     2.422548084e+01     0.000000000e+00 
       1981     2.913152569e+01     1.610165829e+01     6.786691032e+01     1.937063413e+01     2.371166972e+01     0.000000000e+00 
       1982     2.897903352e+01     1.626987693e+01     8.234482702e+01     2.160262720e+01     2.430990518e+01     0.000000000e+00 
       1983     2.825083994e+01     1.635377217e+01     7.425975848e+01     2.098557502e+01     2.422609179e+01     0.000000000e+00 
       1984     2.822198893e+01     1.684907603e+01     6.746015939e+01     1.837383076e+01     2.310373157e+01     0.000000000e+00 
       1985     2.848904875e+01     1.712503692e+01     6.647024814e+01     1.800110336e+01     2.357147527e+01     0.000000000e+00 
       1986     2.802639207e+01     1.735343359e+01     7.050565242e+01     1.796595858e+01     2.431846213e+01     0.000000000e+00 
       1987     2.712297662e+01     1.756810061e+01     7.631326882e+01     2.115882705e+01     2.590150976e+01     0.000000000e+00 
       1988     2.737508015e+01     1.733392304e+01     6.747652473e+01     1.767047159e+01     2.508547632e+01     0.000000000e+00 
       1989     2.791365331e+01     1.747890215e+01     6.741690569e+01     1.968086319e+01     2.548771100e+01     0.000000000e+00 
       1990     2.768956186e+01     1.777349023e+01     7.127483874e+01     2.472722534e+01     2.635266281e+01     0.000000000e+00 
       1991     2.762188972e+01     1.630503848e+01     7.876874391e+01     2.090870785e+01     2.647832885e+01     0.000000000e+00 
       1992     2.709163561e+01     1.509900640e+01     7.903224714e+01     2.789998595e+01     2.740092458e+01     0.000000000e+00 
       1993     2.699838751e+01     1.427152965e+01     7.030534833e+01     2.040029069e+01     2.834138408e+01     0.000000000e+00 
       1994     2.840891167e+01     1.310770406e+01     7.609004301e+01     2.202278090e+01     2.662403344e+01     0.000000000e+00 
       1995     2.787082414e+01     1.151486712e+01     7.009033604e+01     2.324866732e+01     2.771773182e+01     0.000000000e+00 
       1996     2.717805849e+01     1.236845421e+01     6.876365494e+01     2.170585078e+01     2.757663236e+01     0.000000000e+00 
       1997     2.719875721e+01     1.022863920e+01     1.022670818e+02     2.152454210e+01     2.764236214e+01     0.000000000e+00 
       1998     2.762483548e+01     1.217910519e+01     7.290993593e+01     2.199421500e+01     3.000603452e+01     0.000000000e+00 
       1999     2.744160692e+01     9.576248469e+00     6.943719479e+01     2.135425239e+01     2.838678447e+01     0.000000000e+00 
       2000     2.724157787e+01     9.437817118e+00     6.549671421e+01     2.237960561e+01     2.714958142e+01     0.000000000e+00 
       2001     2.718510731e+01     9.153050889e+00     6.791982471e+01     2.294984651e+01     2.780328313e+01     0.000000000e+00 
       2002     2.704595464e+01     1.012232820e+01     7.320376918e+01     2.251308485e+01     2.873213926e+01     0.000000000e+00 
       2003     2.674062309e+01     1.034088855e+01     6.693996151e+01     2.190662214e+01     3.057575670e+01     0.000000000e+00 
       2004     2.688198674e+01     8.729641118e+00     7.136304810e+01     2.251265193e+01     3.330356917e+01     0.000000000e+00 
       2005     2.655279715e+01     8.606440014e+00     7.453303111e+01     2.329278041e+01     3.378385136e+01     0.000000000e+00 
       2006     2.625239531e+01     7.994680976e+00     8.512802745e+01     2.949303688e+01     2.885497156e+01     0.000000000e+00 
       2007     2.708139784e+01     7.796234383e+00     7.289386438e+01     4.075970855e+01     2.927636389e+01     0.000000000e+00 
       2008     2.650971888e+01     7.591570181e+00     7.385930367e+01     3.127915760e+01     2.969484639e+01     0.000000000e+00 
       2009     2.637806920e+01     7.538802762e+00     7.841415533e+01     3.056740660e+01     3.046969035e+01     0.000000000e+00 
       2010     2.596699579e+01     7.612183521e+00     7.498979504e+01     2.986736701e+01     3.029593531e+01     0.000000000e+00 
