        17      1900      2100

__RCP Historical Concentration File: ODS__

Data: Global average mixing ratios
Gas: ODS
Unit: metric tons
Description: 1951-2100 Baseline mixing ratio file generated by John Daniel and Guus Velders for WMO2006, Chapter 8. (2/3/06);
Source: John Daniel, pers. Communication, 25th May 2009, WMO2006, Chapter 8
Contact: M. Meinshausen, malte.meinshausen@pik-potsdam.de
Date: 4th August 2009




Years     CFC-11    CFC-12    CFC-113   CFC-114   CFC-115   CCl4      CH3CCl3   HCFC-22   HCFC-141b HCFC-142b Halon1211 Halon1202 Halon1301 Halon2402 CH3Br     CH3Cl

      1900      0.00      0.00      0.00      0.00      0.00      0.00      0.00      0.00      0.00      0.00      0.00      0.00      0.00      0.00      5.80    480.00
      1901      0.00      0.00      0.00      0.00      0.00      0.00      0.00      0.00      0.00      0.00      0.00      0.00      0.00      0.00      5.80    480.00
      1902      0.00      0.00      0.00      0.00      0.00      0.00      0.00      0.00      0.00      0.00      0.00      0.00      0.00      0.00      5.80    480.00
      1903      0.00      0.00      0.00      0.00      0.00      0.00      0.00      0.00      0.00      0.00      0.00      0.00      0.00      0.00      5.80    480.00
      1904      0.00      0.00      0.00      0.00      0.00      0.00      0.00      0.00      0.00      0.00      0.00      0.00      0.00      0.00      5.80    480.00
      1905      0.00      0.00      0.00      0.00      0.00      0.00      0.00      0.00      0.00      0.00      0.00      0.00      0.00      0.00      5.80    480.00
      1906      0.00      0.00      0.00      0.00      0.00      0.00      0.00      0.00      0.00      0.00      0.00      0.00      0.00      0.00      5.80    480.00
      1907      0.00      0.00      0.00      0.00      0.00      0.00      0.00      0.00      0.00      0.00      0.00      0.00      0.00      0.00      5.80    480.00
      1908      0.00      0.00      0.00      0.00      0.00      0.00      0.00      0.00      0.00      0.00      0.00      0.00      0.00      0.00      5.80    480.00
      1909      0.00      0.00      0.00      0.00      0.00      0.00      0.00      0.00      0.00      0.00      0.00      0.00      0.00      0.00      5.80    480.00
      1910      0.00      0.00      0.00      0.00      0.00      0.00      0.00      0.00      0.00      0.00      0.00      0.00      0.00      0.00      5.80    480.00
      1911      0.00      0.00      0.00      0.00      0.00      0.00      0.00      0.00      0.00      0.00      0.00      0.00      0.00      0.00      5.80    480.00
      1912      0.00      0.00      0.00      0.00      0.00      0.00      0.00      0.00      0.00      0.00      0.00      0.00      0.00      0.00      5.80    480.00
      1913      0.00      0.00      0.00      0.00      0.00      0.00      0.00      0.00      0.00      0.00      0.00      0.00      0.00      0.00      5.83    480.00
      1914      0.00      0.00      0.00      0.00      0.00      0.00      0.00      0.00      0.00      0.00      0.00      0.00      0.00      0.00      5.86    480.00
      1915      0.00      0.00      0.00      0.00      0.00      0.00      0.00      0.00      0.00      0.00      0.00      0.00      0.00      0.00      5.88    480.00
      1916      0.00      0.00      0.00      0.00      0.00      0.00      0.00      0.00      0.00      0.00      0.00      0.00      0.00      0.00      5.91    480.00
      1917      0.00      0.00      0.00      0.00      0.00      0.00      0.00      0.00      0.00      0.00      0.00      0.00      0.00      0.00      5.94    480.00
      1918      0.00      0.00      0.00      0.00      0.00      0.00      0.00      0.00      0.00      0.00      0.00      0.00      0.00      0.00      5.97    480.00
      1919      0.00      0.00      0.00      0.00      0.00      0.00      0.00      0.00      0.00      0.00      0.00      0.00      0.00      0.00      6.00    480.00
      1920      0.00      0.00      0.00      0.00      0.00      0.00      0.00      0.00      0.00      0.00      0.00      0.00      0.00      0.00      6.03    480.00
      1921      0.00      0.00      0.00      0.00      0.00      0.00      0.00      0.00      0.00      0.00      0.00      0.00      0.00      0.00      6.06    480.00
      1922      0.00      0.00      0.00      0.00      0.00      0.00      0.00      0.00      0.00      0.00      0.00      0.00      0.00      0.00      6.09    480.00
      1923      0.00      0.00      0.00      0.00      0.00      0.00      0.00      0.00      0.00      0.00      0.00      0.00      0.00      0.00      6.12    480.00
      1924      0.00      0.00      0.00      0.00      0.00      0.00      0.00      0.00      0.00      0.00      0.00      0.00      0.00      0.00      6.15    480.00
      1925      0.00      0.00      0.00      0.00      0.00      0.00      0.00      0.00      0.00      0.00      0.00      0.00      0.00      0.00      6.18    480.00
      1926      0.00      0.00      0.00      0.00      0.00      0.00      0.00      0.00      0.00      0.00      0.00      0.00      0.00      0.00      6.21    480.00
      1927      0.00      0.00      0.00      0.00      0.00      0.00      0.00      0.00      0.00      0.00      0.00      0.00      0.00      0.00      6.24    480.00
      1928      0.00      0.00      0.00      0.00      0.00      0.00      0.00      0.00      0.00      0.00      0.00      0.00      0.00      0.00      6.27    480.00
      1929      0.00      0.00      0.00      0.00      0.00      0.00      0.00      0.00      0.00      0.00      0.00      0.00      0.00      0.00      6.30    480.00
      1930      0.00      0.00      0.00      0.00      0.00      0.00      0.00      0.00      0.00      0.00      0.00      0.00      0.00      0.00      6.33    480.00
      1931      0.00      0.00      0.00      0.00      0.00      0.00      0.00      0.00      0.00      0.00      0.00      0.00      0.00      0.00      6.36    480.00
      1932      0.00      0.00      0.00      0.00      0.00      0.48      0.00      0.00      0.00      0.00      0.00      0.00      0.00      0.00      6.39    480.00
      1933      0.00      0.01      0.00      0.00      0.00      1.42      0.00      0.00      0.00      0.00      0.00      0.00      0.00      0.00      6.42    480.00
      1934      0.00      0.01      0.00      0.00      0.00      2.81      0.00      0.00      0.00      0.00      0.00      0.00      0.00      0.00      6.45    480.00
      1935      0.00      0.02      0.00      0.00      0.00      4.62      0.00      0.00      0.00      0.00      0.00      0.00      0.00      0.00      6.48    480.00
      1936      0.00      0.04      0.00      0.01      0.00      6.85      0.00      0.00      0.00      0.00      0.00      0.00      0.00      0.00      6.51    480.00
      1937      0.00      0.06      0.00      0.01      0.00      9.47      0.00      0.00      0.00      0.00      0.00      0.00      0.00      0.00      6.54    480.00
      1938      0.00      0.10      0.00      0.02      0.00     12.00      0.00      0.01      0.00      0.00      0.00      0.00      0.00      0.00      6.58    480.00
      1939      0.01      0.16      0.00      0.03      0.00     14.43      0.00      0.03      0.00      0.00      0.00      0.00      0.00      0.00      6.61    480.00
      1940      0.01      0.24      0.00      0.04      0.00     16.76      0.00      0.06      0.00      0.00      0.00      0.00      0.00      0.00      6.64    480.00
      1941      0.02      0.35      0.00      0.06      0.00     19.01      0.00      0.10      0.00      0.00      0.00      0.00      0.00      0.00      6.67    480.00
      1942      0.03      0.49      0.00      0.08      0.00     21.18      0.00      0.15      0.00      0.00      0.00      0.00      0.00      0.00      6.71    480.00
      1943      0.03      0.66      0.00      0.11      0.00     23.26      0.00      0.21      0.00      0.00      0.00      0.00      0.00      0.00      6.74    480.00
      1944      0.05      0.88      0.00      0.15      0.00     25.26      0.00      0.28      0.00      0.00      0.00      0.00      0.00      0.00      6.77    480.00
      1945      0.06      1.16      0.00      0.20      0.00     27.19      0.00      0.35      0.00      0.00      0.00      0.00      0.00      0.00      6.80    480.00
      1946      0.08      1.54      0.06      0.34      0.00     29.05      0.00      0.43      0.00      0.00      0.00      0.00      0.00      0.00      6.84    480.00
      1947      0.12      2.20      0.20      0.56      0.00     30.83      0.00      0.52      0.00      0.00      0.00      0.00      0.00      0.00      6.87    480.00
      1948      0.21      3.21      0.36      0.80      0.00     32.55      0.00      0.62      0.00      0.00      0.00      0.00      0.00      0.00      6.90    480.00
      1949      0.37      4.38      0.55      1.06      0.00     34.20      0.00      0.72      0.00      0.00      0.00      0.00      0.00      0.00      6.94    480.00
      1950      0.63      5.63      0.75      1.33      0.00     35.80      0.00      0.83      0.00      0.00      0.00      0.00      0.00      0.00      6.97    480.00
      1951      1.00      7.00      1.00      1.61      0.00     36.97      0.00      0.95      0.00      0.00      0.00      0.00      0.00      0.00      7.00    481.51
      1952      1.34      8.62      1.05      1.86      0.00     38.09      0.00      0.92      0.00      0.00      0.00      0.00      0.00      0.00      7.04    483.73
      1953      1.82     10.30      1.11      2.11      0.00     39.37      0.00      0.92      0.00      0.00      0.00      0.00      0.00      0.00      7.07    486.24
      1954      2.48     12.18      1.17      2.37      0.00     40.79      0.00      0.94      0.00      0.00      0.00      0.00      0.00      0.00      7.10    489.02
      1955      3.29     14.30      1.25      2.62      0.00     42.35      0.05      1.00      0.00      0.00      0.00      0.00      0.00      0.00      7.13    492.09
      1956      4.30     16.67      1.34      2.88      0.00     44.05      0.19      1.12      0.00      0.00      0.00      0.00      0.00      0.00      7.16    495.40
      1957      5.55     19.44      1.44      3.13      0.00     45.87      0.41      1.26      0.00      0.00      0.00      0.00      0.00      0.00      7.20    498.93
      1958      6.93     22.58      1.56      3.37      0.00     47.83      0.73      1.45      0.00      0.00      0.00      0.00      0.00      0.00      7.23    502.64
      1959      8.19     25.85      1.70      3.62      0.00     49.90      1.04      1.74      0.00      0.00      0.00      0.00      0.00      0.00      7.26    506.45
      1960      9.45     29.50      1.86      3.86      0.00     52.08      1.46      2.08      0.00      0.00      0.00      0.00      0.00      0.00      7.30    510.31
      1961     11.14     33.87      2.04      4.08      0.00     54.38      1.95      2.43      0.00      0.00      0.00      0.00      0.00      0.00      7.34    514.16
      1962     13.33     38.76      2.25      4.31      0.00     56.79      2.43      2.87      0.00      0.00      0.00      0.00      0.00      0.00      7.37    517.91
      1963     16.10     44.41      2.49      4.55      0.00     59.26      3.15      3.42      0.00      0.00      0.00      0.00      0.00      0.00      7.41    521.52
      1964     19.49     51.06      2.77      4.80      0.00     61.79      3.88      4.12      0.00      0.00      0.00      0.00      0.00      0.00      7.45    524.92
      1965     23.50     58.80      3.08      5.06      0.01     64.38      4.67      4.92      0.00      0.00      0.00      0.00      0.00      0.00      7.49    528.09
      1966     28.05     67.51      3.45      5.33      0.03     66.87      5.81      5.91      0.00      0.00      0.00      0.00      0.00      0.00      7.53    530.99
      1967     33.10     77.27      3.87      5.60      0.05     69.27      7.63      7.09      0.00      0.00      0.00      0.00      0.00      0.00      7.58    533.62
      1968     38.81     88.27      4.35      5.89      0.08     71.58     10.14      8.53      0.00      0.00      0.01      0.00      0.00      0.00      7.62    535.96
      1969     45.29    100.59      4.90      6.19      0.13     73.80     13.04     10.29      0.00      0.00      0.01      0.00      0.00      0.01      7.67    538.04
      1970     52.81    114.32      5.53      6.50      0.18     75.94     16.25     12.13      0.00      0.00      0.02      0.00      0.00      0.01      7.71    539.85
      1971     61.32    129.27      6.26      6.82      0.24     78.00     19.14     14.10      0.00      0.00      0.03      0.00      0.00      0.01      7.76    541.42
      1972     70.61    145.32      7.09      7.16      0.31     79.98     22.70     16.19      0.00      0.04      0.05      0.00      0.01      0.02      7.81    542.78
      1973     81.06    162.80      8.05      7.50      0.39     81.88     27.43     18.59      0.00      0.07      0.07      0.00      0.02      0.03      7.86    543.94
      1974     93.02    182.15      9.14      7.87      0.49     83.72     33.45     21.28      0.00      0.10      0.09      0.00      0.03      0.03      7.92    544.93
      1975    106.11    203.08     10.40      8.24      0.60     85.48     40.01     23.80      0.00      0.13      0.12      0.01      0.04      0.04      7.97    545.77
      1976    118.47    223.20     11.84      8.63      0.74     87.18     45.52     26.65      0.00      0.16      0.17      0.01      0.06      0.05      8.03    546.48
      1977    130.89    242.60     13.50      9.03      0.89     88.81     53.06     29.81      0.00      0.19      0.22      0.01      0.09      0.06      8.09    547.07
      1978    142.48    261.17     15.39      9.45      1.07     90.38     62.52     33.21      0.00      0.22      0.28      0.01      0.13      0.08      8.15    547.57
      1979    155.06    279.80     17.56      9.89      1.28     91.90     75.45     36.76      0.00      0.24      0.35      0.01      0.18      0.09      8.21    547.99
      1980    163.65    294.88     20.05     10.34      1.52     93.35     82.00     40.52      0.00      0.26      0.43      0.01      0.24      0.11      8.27    548.34
      1981    173.40    313.56     22.90     10.81      1.80     94.55     89.88     44.36      0.00      0.28      0.53      0.01      0.31      0.12      8.34    548.63
      1982    182.26    329.76     26.00     11.28      2.10     95.25     94.45     47.98      0.00      0.34      0.64      0.01      0.39      0.14      8.41    548.88
      1983    189.30    346.50     29.21     11.73      2.43     96.46     98.20     52.02      0.00      0.38      0.76      0.02      0.49      0.16      8.48    549.08
      1984    198.23    363.48     32.76     12.20      2.79     98.08    103.27     56.32      0.00      0.43      0.90      0.02      0.61      0.18      8.55    549.25
      1985    207.47    381.47     38.10     12.68      3.17     99.61    108.07     60.61      0.00      0.48      1.06      0.02      0.74      0.20      8.62    549.39
      1986    216.71    398.06     41.80     13.20      3.56    100.10    111.06     65.09      0.00      0.52      1.25      0.02      0.89      0.22      8.70    549.50
      1987    228.94    419.24     46.77     13.74      3.95    102.13    113.19     69.74      0.00      0.70      1.46      0.02      1.06      0.24      8.78    549.60
      1988    240.85    437.74     54.29     14.28      4.38    102.76    119.42     75.14      0.00      0.88      1.72      0.02      1.25      0.26      8.86    549.68
      1989    248.85    458.79     61.55     14.82      4.82    104.14    124.04     81.28      0.00      1.10      2.02      0.03      1.46      0.29      8.95    549.75
      1990    256.58    473.51     67.42     15.33      5.30    104.79    124.88     87.33      0.00      1.40      2.31      0.03      1.66      0.31      9.03    549.80
      1991    263.69    489.08     73.18     15.78      5.79    106.39    130.91     93.55      0.00      1.99      2.59      0.03      1.84      0.34      9.12    549.85
      1992    266.23    499.71     78.74     16.20      6.26    105.11    130.87     99.88      0.00      2.86      2.84      0.03      1.98      0.36      9.21    549.89
      1993    269.27    509.91     81.73     16.51      6.73    104.67    130.07    104.43      0.00      3.93      3.00      0.03      2.06      0.38      9.31    549.92
      1994    269.69    516.29     82.96     16.75      7.19    104.04    121.87    108.76      1.14      5.04      3.18      0.04      2.17      0.40      9.40    549.94
      1995    269.33    522.79     83.96     16.91      7.61    103.11    109.86    112.14      2.69      6.27      3.31      0.04      2.33      0.42      9.50    549.96
      1996    268.63    527.33     83.72     17.02      7.97    102.51     98.28    119.58      4.48      7.36      3.47      0.04      2.45      0.43      9.10    549.98
      1997    267.77    531.03     83.64     17.07      8.24    101.37     84.15    124.26      6.56      8.52      3.64      0.05      2.52      0.43      9.06    550.00
      1998    266.06    533.80     83.26     17.08      8.45    100.43     71.48    128.39      8.19      9.38      3.78      0.05      2.59      0.42      9.25    550.00
      1999    264.26    536.12     82.77     17.07      8.61     99.91     59.73    134.98     10.22     10.50      3.90      0.05      2.65      0.42      9.27    550.01
      2000    262.60    538.05     82.26     17.04      8.73     98.83     49.93    139.75     11.93     11.58      4.01      0.05      2.71      0.41      8.90    550.01
      2001    261.17    539.73     81.88     17.00      8.83     97.97     41.64    144.06     13.46     12.49      4.08      0.04      2.76      0.41      8.48    550.01
      2002    259.02    540.22     81.31     16.96      8.91     96.80     34.64    150.78     14.90     13.46      4.14      0.04      2.81      0.40      8.22    550.01
      2003    256.88    539.86     80.55     16.92      8.97     95.85     28.92    155.11     16.23     14.05      4.20      0.03      2.85      0.39      8.17    550.01
      2004    255.21    539.88     79.69     16.88      9.01     94.92     24.03    159.77     16.98     14.65      4.22      0.03      2.89      0.38      8.01    550.01
      2005    253.03    538.89     78.93     16.83      9.05     93.95     20.12    164.73     17.41     15.23      4.24      0.02      2.93      0.37      7.86    550.01
      2006    249.63    536.11     78.03     16.79      9.07     92.92     16.92    170.67     17.93     15.50      4.25      0.02      2.96      0.36      7.64    550.01
      2007    246.27    533.26     77.16     16.73      9.09     91.68     14.30    177.09     18.51     15.75      4.24      0.02      2.99      0.35      7.55    550.01
      2008    242.91    530.28     76.28     16.68      9.10     90.24     12.16    183.92     19.11     15.98      4.21      0.01      3.01      0.34      7.53    550.01
      2009    239.58    527.16     75.42     16.63      9.11     88.60     10.41    191.09     19.74     16.17      4.17      0.01      3.04      0.32      7.53    550.01
      2010    236.26    523.93     74.56     16.57      9.11     86.77      8.97    198.55     20.36     16.32      4.12      0.01      3.05      0.31      7.52    550.01
      2011    232.94    520.57     73.70     16.52      9.12     84.75      7.64    206.24     20.98     16.43      4.06      0.01      3.07      0.30      7.52    550.01
      2012    229.64    517.08     72.84     16.46      9.12     82.56      6.56    214.13     21.57     16.50      3.99      0.00      3.08      0.29      7.52    550.01
      2013    226.35    513.48     71.99     16.41      9.12     80.20      5.67    222.19     22.14     16.51      3.91      0.00      3.09      0.28      7.52    550.01
      2014    223.08    509.78     71.15     16.36      9.11     77.68      4.94    230.38     22.67     16.47      3.82      0.00      3.10      0.27      7.52    550.01
      2015    219.82    506.00     70.32     16.30      9.11     75.00      4.35    238.68     23.17     16.38      3.73      0.00      3.10      0.26      7.52    550.01
      2016    216.58    502.15     69.50     16.25      9.11     72.17      3.56    247.07     23.62     16.24      3.63      0.00      3.10      0.25      7.12    550.01
      2017    213.36    498.24     68.69     16.19      9.10     69.45      2.91    255.44     24.02     16.05      3.53      0.00      3.10      0.24      7.02    550.01
      2018    210.16    494.27     67.88     16.14      9.10     66.83      2.39    263.71     24.39     15.81      3.43      0.00      3.09      0.23      7.00    550.01
      2019    206.98    490.26     67.09     16.09      9.09     64.31      1.95    271.81     24.73     15.55      3.33      0.00      3.09      0.22      6.99    550.01
      2020    203.82    486.21     66.31     16.03      9.09     61.88      1.60    279.70     25.04     15.25      3.22      0.00      3.08      0.21      6.99    550.01
      2021    200.68    482.13     65.53     15.98      9.08     59.55      1.31    287.33     25.32     14.94      3.12      0.00      3.07      0.20      6.99    550.01
      2022    197.57    478.03     64.76     15.93      9.08     57.30      1.07    294.67     25.57     14.60      3.01      0.00      3.06      0.19      6.99    550.01
      2023    194.49    473.91     64.01     15.87      9.07     55.14      0.88    301.72     25.80     14.25      2.91      0.00      3.04      0.18      6.99    550.01
      2024    191.43    469.78     63.26     15.82      9.07     53.06      0.72    308.44     26.02     13.88      2.80      0.00      3.03      0.18      6.99    550.01
      2025    188.40    465.63     62.52     15.77      9.06     51.06      0.59    314.84     26.21     13.51      2.70      0.00      3.01      0.17      6.99    550.01
      2026    185.39    461.49     61.79     15.71      9.06     49.13      0.48    320.92     26.39     13.14      2.60      0.00      2.99      0.16      6.99    550.01
      2027    182.42    457.34     61.06     15.66      9.05     47.28      0.39    326.68     26.55     12.75      2.50      0.00      2.98      0.15      6.99    550.01
      2028    179.47    453.20     60.35     15.61      9.05     45.49      0.32    332.11     26.70     12.37      2.40      0.00      2.96      0.15      6.99    550.01
      2029    176.56    449.06     59.64     15.56      9.04     43.78      0.26    337.23     26.83     11.99      2.31      0.00      2.94      0.14      6.99    550.01
      2030    173.67    444.94     58.95     15.51      9.04     42.12      0.22    342.06     26.96     11.61      2.22      0.00      2.91      0.13      6.99    550.01
      2031    170.81    440.82     58.26     15.45      9.03     40.53      0.18    346.58     27.07     11.24      2.13      0.00      2.89      0.13      6.99    550.01
      2032    167.99    436.72     57.58     15.40      9.03     39.01      0.15    350.41     27.16     10.87      2.04      0.00      2.87      0.12      6.99    550.01
      2033    165.20    432.64     56.90     15.35      9.02     37.53      0.12    353.21     27.22     10.50      1.95      0.00      2.84      0.12      6.99    550.01
      2034    162.43    428.57     56.24     15.30      9.02     36.12      0.10    354.74     27.23     10.14      1.87      0.00      2.82      0.11      6.99    550.01
      2035    159.70    424.52     55.58     15.25      9.01     34.75      0.08    354.81     27.18      9.78      1.79      0.00      2.79      0.11      6.99    550.01
      2036    157.01    420.50     54.93     15.20      9.00     33.44      0.07    353.29     27.08      9.43      1.71      0.00      2.77      0.10      6.99    550.01
      2037    154.34    416.50     54.29     15.15      9.00     32.18      0.05    350.09     26.91      9.09      1.63      0.00      2.74      0.10      6.99    550.01
      2038    151.71    412.52     53.65     15.10      8.99     30.97      0.04    345.16     26.68      8.75      1.56      0.00      2.72      0.09      6.99    550.01
      2039    149.11    408.57     53.02     15.05      8.99     29.80      0.04    338.47     26.37      8.42      1.49      0.00      2.69      0.09      6.99    550.01
      2040    146.55    404.65     52.40     15.00      8.98     28.67      0.03    330.02     25.99      8.10      1.42      0.00      2.66      0.08      6.99    550.01
      2041    144.01    400.75     51.79     14.95      8.98     27.59      0.02    319.82     25.53      7.78      1.36      0.00      2.64      0.08      6.99    550.01
      2042    141.51    396.88     51.19     14.90      8.97     26.55      0.02    308.34     25.00      7.47      1.30      0.00      2.61      0.08      6.99    550.01
      2043    139.04    393.04     50.59     14.85      8.97     25.55      0.02    295.94     24.43      7.17      1.24      0.00      2.58      0.07      6.99    550.01
      2044    136.61    389.23     50.00     14.80      8.96     24.59      0.01    282.94     23.82      6.88      1.18      0.00      2.55      0.07      6.99    550.01
      2045    134.21    385.44     49.41     14.75      8.96     23.66      0.01    269.60     23.17      6.59      1.12      0.00      2.52      0.07      6.99    550.01
      2046    131.84    381.69     48.83     14.70      8.95     22.77      0.01    256.11     22.51      6.32      1.07      0.00      2.50      0.06      6.99    550.01
      2047    129.50    377.97     48.26     14.65      8.95     21.91      0.01    242.65     21.82      6.05      1.02      0.00      2.47      0.06      6.99    550.01
      2048    127.20    374.28     47.70     14.60      8.94     21.08      0.01    229.36     21.13      5.79      0.97      0.00      2.44      0.06      6.99    550.01
      2049    124.93    370.62     47.14     14.55      8.94     20.28      0.01    216.34     20.43      5.54      0.92      0.00      2.41      0.05      6.99    550.01
      2050    122.69    366.99     46.59     14.51      8.93     19.52      0.00    203.66     19.72      5.30      0.88      0.00      2.38      0.05      6.99    550.01
      2051    120.49    363.39     46.04     14.46      8.93     18.78      0.00    191.40     19.02      5.06      0.83      0.00      2.35      0.05      6.99    550.01
      2052    118.32    359.82     45.50     14.41      8.92     18.07      0.00    179.60     18.33      4.84      0.79      0.00      2.32      0.05      6.99    550.01
      2053    116.17    356.28     44.97     14.36      8.92     17.39      0.00    168.28     17.64      4.62      0.75      0.00      2.30      0.04      6.99    550.01
      2054    114.07    352.78     44.45     14.31      8.91     16.74      0.00    157.48     16.97      4.41      0.72      0.00      2.27      0.04      6.99    550.01
      2055    111.99    349.31     43.93     14.27      8.90     16.10      0.00    147.19     16.31      4.21      0.68      0.00      2.24      0.04      6.99    550.01
      2056    109.94    345.86     43.41     14.22      8.90     15.50      0.00    137.43     15.66      4.02      0.65      0.00      2.21      0.04      6.99    550.01
      2057    107.93    342.45     42.90     14.17      8.89     14.91      0.00    128.18     15.03      3.83      0.61      0.00      2.18      0.04      6.99    550.01
      2058    105.94    339.07     42.40     14.12      8.89     14.35      0.00    119.45     14.41      3.65      0.58      0.00      2.16      0.03      6.99    550.01
      2059    103.99    335.73     41.91     14.08      8.88     13.81      0.00    111.22     13.81      3.48      0.55      0.00      2.13      0.03      6.99    550.01
      2060    102.07    332.41     41.42     14.03      8.88     13.29      0.00    103.48     13.23      3.32      0.53      0.00      2.10      0.03      6.99    550.01
      2061    100.18    329.12     40.93     13.98      8.87     12.79      0.00     96.20     12.67      3.16      0.50      0.00      2.07      0.03      6.99    550.01
      2062     98.32    325.87     40.45     13.94      8.87     12.30      0.00     89.38     12.12      3.01      0.47      0.00      2.05      0.03      6.99    550.01
      2063     96.48    322.64     39.98     13.89      8.86     11.84      0.00     82.99     11.59      2.87      0.45      0.00      2.02      0.03      6.99    550.01
      2064     94.68    319.45     39.51     13.84      8.86     11.39      0.00     77.01     11.08      2.73      0.43      0.00      1.99      0.03      6.99    550.01
      2065     92.91    316.29     39.05     13.80      8.85     10.96      0.00     71.43     10.59      2.60      0.40      0.00      1.97      0.02      6.99    550.01
      2066     91.16    313.15     38.59     13.75      8.85     10.55      0.00     66.21     10.12      2.47      0.38      0.00      1.94      0.02      6.99    550.01
      2067     89.45    310.05     38.14     13.71      8.84     10.15      0.00     61.35      9.67      2.35      0.36      0.00      1.91      0.02      6.99    550.01
      2068     87.76    306.98     37.70     13.66      8.84      9.77      0.00     56.83      9.23      2.24      0.34      0.00      1.89      0.02      6.99    550.01
      2069     86.10    303.93     37.26     13.62      8.83      9.40      0.00     52.61      8.81      2.13      0.33      0.00      1.86      0.02      6.99    550.01
      2070     84.46    300.92     36.82     13.57      8.83      9.04      0.00     48.69      8.41      2.02      0.31      0.00      1.84      0.02      6.99    550.01
      2071     82.86    297.93     36.39     13.53      8.82      8.70      0.00     45.04      8.02      1.92      0.29      0.00      1.81      0.02      6.99    550.01
      2072     81.28    294.98     35.96     13.48      8.82      8.38      0.00     41.66      7.65      1.83      0.28      0.00      1.79      0.02      6.99    550.01
      2073     79.73    292.05     35.54     13.44      8.81      8.06      0.00     38.52      7.29      1.74      0.26      0.00      1.76      0.02      6.99    550.01
      2074     78.20    289.15     35.13     13.39      8.81      7.76      0.00     35.60      6.95      1.65      0.25      0.00      1.74      0.02      6.99    550.01
      2075     76.71    286.28     34.72     13.35      8.80      7.46      0.00     32.90      6.63      1.57      0.24      0.00      1.71      0.02      6.99    550.01
      2076     75.23    283.44     34.31     13.30      8.80      7.18      0.00     30.39      6.31      1.49      0.22      0.00      1.69      0.01      6.99    550.01
      2077     73.78    280.62     33.91     13.26      8.79      6.91      0.00     28.07      6.02      1.41      0.21      0.00      1.67      0.01      6.99    550.01
      2078     72.36    277.84     33.51     13.21      8.79      6.65      0.00     25.92      5.73      1.34      0.20      0.00      1.64      0.01      6.99    550.01
      2079     70.96    275.08     33.12     13.17      8.78      6.40      0.00     23.93      5.46      1.28      0.19      0.00      1.62      0.01      6.99    550.01
      2080     69.59    272.34     32.73     13.13      8.77      6.16      0.00     22.08      5.20      1.21      0.18      0.00      1.60      0.01      6.99    550.01
      2081     68.24    269.64     32.35     13.08      8.77      5.92      0.00     20.38      4.95      1.15      0.17      0.00      1.57      0.01      6.99    550.01
      2082     66.91    266.96     31.97     13.04      8.76      5.70      0.00     18.80      4.71      1.09      0.16      0.00      1.55      0.01      6.99    550.01
      2083     65.61    264.30     31.60     12.99      8.76      5.49      0.00     17.35      4.49      1.04      0.15      0.00      1.53      0.01      6.99    550.01
      2084     64.33    261.68     31.23     12.95      8.75      5.28      0.00     16.00      4.27      0.98      0.14      0.00      1.51      0.01      6.99    550.01
      2085     63.07    259.08     30.86     12.91      8.75      5.08      0.00     14.76      4.06      0.93      0.14      0.00      1.49      0.01      6.99    550.01
      2086     61.84    256.50     30.50     12.87      8.74      4.89      0.00     13.61      3.87      0.89      0.13      0.00      1.46      0.01      6.99    550.01
      2087     60.63    253.95     30.15     12.82      8.74      4.70      0.00     12.55      3.68      0.84      0.12      0.00      1.44      0.01      6.99    550.01
      2088     59.44    251.42     29.79     12.78      8.73      4.53      0.00     11.57      3.50      0.80      0.11      0.00      1.42      0.01      6.99    550.01
      2089     58.27    248.92     29.44     12.74      8.73      4.36      0.00     10.66      3.33      0.76      0.11      0.00      1.40      0.01      6.99    550.01
      2090     57.12    246.45     29.10     12.70      8.72      4.19      0.00      9.83      3.17      0.72      0.10      0.00      1.38      0.01      6.99    550.01
      2091     55.99    244.00     28.76     12.65      8.72      4.03      0.00      9.06      3.01      0.68      0.10      0.00      1.36      0.01      6.99    550.01
      2092     54.89    241.57     28.42     12.61      8.71      3.88      0.00      8.35      2.87      0.64      0.09      0.00      1.34      0.01      6.99    550.01
      2093     53.80    239.17     28.09     12.57      8.71      3.73      0.00      7.69      2.73      0.61      0.09      0.00      1.32      0.01      6.99    550.01
      2094     52.73    236.79     27.76     12.53      8.70      3.59      0.00      7.09      2.59      0.58      0.08      0.00      1.30      0.01      6.99    550.01
      2095     51.69    234.44     27.44     12.49      8.70      3.46      0.00      6.53      2.47      0.55      0.08      0.00      1.28      0.01      6.99    550.01
      2096     50.66    232.10     27.12     12.44      8.69      3.33      0.00      6.01      2.35      0.52      0.07      0.00      1.26      0.01      6.99    550.01
      2097     49.65    229.80     26.80     12.40      8.69      3.20      0.00      5.54      2.23      0.49      0.07      0.00      1.25      0.01      6.99    550.01
      2098     48.66    227.51     26.49     12.36      8.68      3.08      0.00      5.10      2.12      0.47      0.06      0.00      1.23      0.01      6.99    550.01
      2099     47.69    225.25     26.18     12.32      8.68      2.97      0.00      4.70      2.02      0.44      0.06      0.00      1.21      0.00      6.99    550.01
      2100     46.74    223.01     25.87     12.28      8.67      2.85      0.00      4.33      1.92      0.42      0.06      0.00      1.19      0.00      6.99    550.01
