        16      1850      2011

__MAGICC 6.X DATA FILE__
WMO2006_A1_SCENARIO_WITH_ZEROEMISSIONS_FROM2010
Data: Global average annual mean emissions
Gas: ODS
Unit: metric tons
Description: 1951-2100 Baseline emission file generated by John Daniel and Guus Velders for WMO2006, Chapter 8. (2/3/06); earlier emisisons for CFC-11, CFC-12, CFC-113, CFC-114, CCl4 extended by John Daniel (pers. Communication, 25th
Source: John Daniel, pers. Communication, 25th May 2009, WMO2006, Chapter 8; Butler et al. 1999 for CCl4 mixing ratios - inverse emissions used here; Montzka et al. 2009 for HCFC142b emissions between 2005-2007.
Contact: John Daniel, or M. Meinshausen, malte.meinshausen@pik-potsdam.de
Date: 4th September 2009



          CFC-11    CFC-12    CFC-113   CFC-114   CFC-115   CCl4      CH3CCl3   HCFC-22   HCFC-141b HCFC-142b Halon 1211Halon 1202Halon 1301Halon 2402CH3Br     CH3Cl

      1850         0         0         0         0         0      1395         0         0         0         0         0         0         0         0    157267   3100211
      1851         0         0         0         0         0      1447         0         0         0         0         0         0         0         0    157267   3100211
      1852         0         0         0         0         0      1502         0         0         0         0         0         0         0         0    157267   3100211
      1853         0         0         0         0         0      1554         0         0         0         0         0         0         0         0    157267   3100211
      1854         0         0         0         0         0      1607         0         0         0         0         0         0         0         0    157267   3100211
      1855         0         0         0         0         0      1657         0         0         0         0         0         0         0         0    157267   3100211
      1856         0         0         0         0         0      1712         0         0         0         0         0         0         0         0    157267   3100211
      1857         0         0         0         0         0      1765         0         0         0         0         0         0         0         0    157267   3100211
      1858         0         0         0         0         0      1815         0         0         0         0         0         0         0         0    157267   3100211
      1859         0         0         0         0         0      1870         0         0         0         0         0         0         0         0    157267   3100211
      1860         0         0         0         0         0      1923         0         0         0         0         0         0         0         0    157267   3100211
      1861         0         0         0         0         0      1973         0         0         0         0         0         0         0         0    157267   3100211
      1862         0         0         0         0         0      2028         0         0         0         0         0         0         0         0    157267   3100211
      1863         0         0         0         0         0      2081         0         0         0         0         0         0         0         0    157267   3100211
      1864         0         0         0         0         0      2134         0         0         0         0         0         0         0         0    157267   3100211
      1865         0         0         0         0         0      2184         0         0         0         0         0         0         0         0    157267   3100211
      1866         0         0         0         0         0      2239         0         0         0         0         0         0         0         0    157267   3100211
      1867         0         0         0         0         0      2291         0         0         0         0         0         0         0         0    157267   3100211
      1868         0         0         0         0         0      2341         0         0         0         0         0         0         0         0    157267   3100211
      1869         0         0         0         0         0      2386         0         0         0         0         0         0         0         0    157267   3100211
      1870         0         0         0         0         0      2452         0         0         0         0         0         0         0         0    157267   3100211
      1871         0         0         0         0         0      2505         0         0         0         0         0         0         0         0    157267   3100211
      1872         0         0         0         0         0      2557         0         0         0         0         0         0         0         0    157267   3100211
      1873         0         0         0         0         0      2610         0         0         0         0         0         0         0         0    157267   3100211
      1874         0         0         0         0         0      2663         0         0         0         0         0         0         0         0    157267   3100211
      1875         0         0         0         0         0      2850         0         0         0         0         0         0         0         0    157267   3100211
      1876         0         0         0         0         0      2989         0         0         0         0         0         0         0         0    157267   3100211
      1877         0         0         0         0         0      3130         0         0         0         0         0         0         0         0    157267   3100211
      1878         0         0         0         0         0      3275         0         0         0         0         0         0         0         0    157267   3100211
      1879         0         0         0         0         0      3396         0         0         0         0         0         0         0         0    157267   3100211
      1880         0         0         0         0         0      3573         0         0         0         0         0         0         0         0    157267   3100211
      1881         0         0         0         0         0      3726         0         0         0         0         0         0         0         0    157267   3100211
      1882         0         0         0         0         0      3883         0         0         0         0         0         0         0         0    157267   3100211
      1883         0         0         0         0         0      4043         0         0         0         0         0         0         0         0    157267   3100211
      1884         0         0         0         0         0      4233         0         0         0         0         0         0         0         0    157267   3100211
      1885         0         0         0         0         0      4427         0         0         0         0         0         0         0         0    157267   3100211
      1886         0         0         0         0         0      4625         0         0         0         0         0         0         0         0    157267   3100211
      1887         0         0         0         0         0      4827         0         0         0         0         0         0         0         0    157267   3100211
      1888         0         0         0         0         0      5033         0         0         0         0         0         0         0         0    157267   3100211
      1889         0         0         0         0         0      5270         0         0         0         0         0         0         0         0    157267   3100211
      1890         0         0         0         0         0      5485         0         0         0         0         0         0         0         0    157267   3100211
      1891         0         0         0         0         0      5731         0         0         0         0         0         0         0         0    157267   3100211
      1892         0         0         0         0         0      6010         0         0         0         0         0         0         0         0    157267   3100211
      1893         0         0         0         0         0      6267         0         0         0         0         0         0         0         0    157267   3100211
      1894         0         0         0         0         0      6529         0         0         0         0         0         0         0         0    157267   3100211
      1895         0         0         0         0         0      6824         0         0         0         0         0         0         0         0    157267   3100211
      1896         0         0         0         0         0      7151         0         0         0         0         0         0         0         0    157267   3100211
      1897         0         0         0         0         0      7432         0         0         0         0         0         0         0         0    157267   3100211
      1898         0         0         0         0         0      7798         0         0         0         0         0         0         0         0    157267   3100211
      1899         0         0         0         0         0      8119         0         0         0         0         0         0         0         0    157267   3100211
      1900         0         0         0         0         0      8473         0         0         0         0         0         0         0         0    157267   3100211
      1901         0         0         0         0         0      8592         0         0         0         0         0         0         0         0    157267   3100211
      1902         0         0         0         0         0      8762         0         0         0         0         0         0         0         0    157267   3100211
      1903         0         0         0         0         0      8906         0         0         0         0         0         0         0         0    157267   3100211
      1904         0         0         0         0         0      9102         0         0         0         0         0         0         0         0    157267   3100211
      1905         0         0         0         0         0      9623         0         0         0         0         0         0         0         0    157267   3100211
      1906         0         0         0         0         0     12093         0         0         0         0         0         0         0         0    157267   3100211
      1907         0         0         0         0         0     12363         0         0         0         0         0         0         0         0    157267   3100211
      1908         0         0         0         0         0     12633         0         0         0         0         0         0         0         0    157267   3100211
      1909         0         0         0         0         0     12903         0         0         0         0         0         0         0         0    157267   3100211
      1910         0         0         0         0         0     13146         0         0         0         0         0         0         0         0    157267   3100211
      1911         0         0         0         0         0     14007         0         0         0         0         0         0         0         0    157267   3100211
      1912         0         0         0         0         0     19895         0         0         0         0         0         0         0         0    157267   3100211
      1913         0         0         0         0         0     19025         0         0         0         0         0         0         0         0    157267   3100211
      1914         0         0         0         0         0     11082         0         0         0         0         0         0         0         0    157267   3100211
      1915         0         0         0         0         0     11216         0         0         0         0         0         0         0         0    157267   3100211
      1916         0         0         0         0         0     18614         0         0         0         0         0         0         0         0    157267   3100211
      1917         0         0         0         0         0     22143         0         0         0         0         0         0         0         0    157267   3100211
      1918         0         0         0         0         0     22696         0         0         0         0         0         0         0         0    157267   3100211
      1919         0         0         0         0         0     23196         0         0         0         0         0         0         0         0    157267   3100211
      1920         0         0         0         0         0     23802         0         0         0         0         0         0         0         0    157267   3100211
      1921         0         0         0         0         0     24304         0         0         0         0         0         0         0         0    157267   3100211
      1922         0         0         0         0         0     24563         0         0         0         0         0         0         0         0    157267   3100211
      1923         0         0         0         0         0     25350         0         0         0         0         0         0         0         0    157267   3100211
      1924         0         0         0         0         0     25878         0         0         0         0         0         0         0         0    157267   3100211
      1925         0         0         0         0         0     28827         0         0         0         0         0         0         0         0    157267   3100211
      1926         0         0         0         0         0     29446         0         0         0         0         0         0         0         0    157267   3100211
      1927         0         0         0         0         0     30065         0         0         0         0         0         0         0         0    157267   3100211
      1928         0         0         0         0         0     30685         0         0         0         0         0         0         0         0    157267   3100211
      1929         0         0         0         0         0     31573         0         0         0         0         0         0         0         0    157267   3100211
      1930         0         0         0         0         0     31933         0         0         0         0         0         0         0         0    157267   3100211
      1931         0        97         0         0         0     32553         0         0         0         0         0         0         0         0    157267   3100211
      1932         0        97         0         0         0     33979         0         0         0         0         0         0         0         0    157267   3100211
      1933         0        97         0         0         0     41893         0         0         0         0         0         0         0         0    157267   3100211
      1934         0       194         0       117         0     42817         0         0         0         0         0         0         0         0    157267   3100211
      1935         0       291         0       117         0     43740         0         0         0         0         0         0         0         0    157267   3100211
      1936         0       485         0       117         0     44664         0         0         0         0         0         0         0         0    157267   3100211
      1937         0       776         0       234         0     45588         0         0         0         0         0         0         0         0    157267   3100211
      1938       161      1164         0       234         0     46512         0       165         0         0         0         0         0         0    157267   3100211
      1939       161      1649         0       351         0     47436         0       330         0         0         0         0         0         0    157267   3100211
      1940       161      2231         0       468         0     50781         0       496         0         0         0         0         0         0    157267   3100211
      1941       161      2910         0       585         0     52603         0       661         0         0         0         0         0         0    157267   3100211
      1942       161      3589         0       819         0     53918         0       826         0         0         0         0         0         0    157267   3100211
      1943       322      4365         0      1170         0     54705         0       991         0         0         0         0         0         0    157267   3100211
      1944       322      5917         0      1521         0     55750         0      1157         0         0         0         0         0         0    157267   3100211
      1945       483      7760      1868      3861         0     56796         0      1322         0         0         0         0         0         0    157267   3100211
      1946       966     13483      4203      6318         0     59187         0      1487         0         0         0         0         0         0    157267   3100211
      1947      2093     20661      5137      6903         0     67278         0      1652         0         0         0         0         0         0    157267   3100211
      1948      3703     24056      6071      7254         0     68369         0      1817         0         0         0         0         0         0    157267   3100211
      1949      6118     25802      6538      7722         0     74340         0      1983         0         0         0         0         0         0    157267   3100211
      1950      8855     28615      7939      8073         0     65000         0      2148         0         0         0         0         0         0    157267   3100211
      1951      8158     33854      1889      7102         0     65000         0      2313         0         0         0         0         0         0    157267   3100211
      1952     11742     35200      2139      7288         0     70000         0      2478         0         0         0         0         0         0    157927   3117785
      1953     15985     39582      2437      7430         0     75000         0      2644         0         0         0         0         0         0    158604   3137148
      1954     19855     44802      2785      7431         0     80000      1214      2809         0         0         0         0         0         0    159300   3158216
      1955     24604     50343      3233      7388         0     85000      3512      2974         0         0         0         0         0         0    160014   3180749
      1956     30685     58664      3730      7302         0     90000      6224      3480         0         0         0         0         0         0    160748   3204498
      1957     34375     66689      4227      7250         0     95000      9469      4251         0         0         0         0         0         0    161502   3229071
      1958     32235     69930      4824      7221         0    100000     10772      6008         0         0         0         0         0         0    162277   3254039
      1959     33015     78149      5570      7176         0    105000     14717      7060         0         0         0         0         0         0    163073   3278967
      1960     43342     93090      6366      6600         0    110000     18348      7659         0         0         0         0         0         0    163892   3303389
      1961     55722    104600      7212      6880         0    115000     20077      9426         0         0         0         0         0         0    164735   3326864
      1962     69881    120668      8248      7168         0    119000     28220     11573         0         0         0         0         0         0    165601   3349069
      1963     85539    141744      9476      7421         0    123000     31460     14396         0         0         5         1         1         7    166493   3369713
      1964    101538    164921     10853      7692       225    127000     36197     16782         0         0        14         2         3        14    167410   3388628
      1965    115750    185933     12426      7975       444    127000     48096     20514         0         0        32         5         5        28    168355   3405698
      1966    129623    208571     14246      8305       633    127000     69567     24512         0         0        58         8         8        48    169328   3420923
      1967    147119    235269     16313      8623       825    127000     94137     29817         0         0       100        13        13        75    170329   3434335
      1968    167586    263953     18678      8974      1043    127000    114767     36216         0         0       158        19        16       109    171360   3446065
      1969    194513    294486     21388      9344      1283    127000    134875     39381         0         0       229        26        24       150    172423   3456224
      1970    221119    321743     24494      9687      1537    127000    141326     43652         0         0       329        35        43       197    173518   3464950
      1971    243137    346609     28094     10052      1803    127000    170133     47746         0       613       461        44       100       252    174646   3472409
      1972    274260    378471     32236     10471      2127    127000    214168     54790         0       613       630        55       170       313    175809   3478741
      1973    314040    419239     36920     10883      2495    127000    266209     61912         0       613       839        67       277       391    177007   3484114
      1974    345881    454701     42295     11290      2921    127000    305489     62543         0       613      1086        80       372       468    178243   3488632
      1975    335741    442834     48505     11734      3391    127000    308992     70487         0       613      1365        95       524       544    179517   3492425
      1976    343240    432280     55552     12200      3943    127000    382300     78510         0       613      1767       110       783       621    180830   3495619
      1977    330711    419447     63634     12680      4582    127000    462112     85789         0       613      2035       127      1006       697    182185   3498281
      1978    359009    424498     72896     13168      5337    127000    587319     92012         0       613      2454       145      1253       774    183581   3500505
      1979    274357    357266     83489     13661      6228    127000    489712     99321         0       613      2928       161      1548       850    185022   3502360
      1980    304998    432044     95641     14194      7006    121849    550707    104973         0       613      3453       185      1805       927    186506   3503915
      1981    289529    386347    104421     14121      7743    110093    505097    106406         0      1250      3946       206      2139      1003    188038   3505193
      1982    252419    400317    108943     13905      8399    123807    505343    116821         0       961      4522       229      2645      1105    189616   3506255
      1983    299092    408416    120930     14252      9207    135729    553718    125343         0      1165      5168       249      2980      1183    191243   3507154
      1984    310901    432125    177397     14781      9710    134867    569476    130447         0      1331      6032       269      3475      1262    192920   3507882
      1985    315327    407669    128622     15705      9792    109714    546714    138367         0      1011      7083       289      3997      1355    194648   3508496
      1986    388346    502712    169103     16379     10152    149931    539076    146048         0      3575      8220       309      4579      1434    196427   3508999
      1987    387277    453238    250222     16667     10807    115608    647608    162883         0      3773      9656       329      5109      1504    198259   3509425
      1988    303816    507990    245070     16593     11493    135667    635816    180113         0      4458     11362       349      5696      1728    200146   3509774
      1989    301477    385520    204109     15725     12260    118146    564767    186150         0      6174     11605       369      5482      1730    202087   3510061
      1990    291464    405617    203131     14022     12363    143171    694142    195690         0     11322     11702       389      5119      1730    204082   3510299
      1991    190405    309884    198928     13243     12135     70607    573576    204801         0     16556     11426       409      4094      1735    206133   3510501
      1992    203230    303369    121343     10324     12018     91022    554986    185994         0     20911      9343       429      2740      1715    208240   3510656
      1993    144940    228999     67857      8322     11681     85436    372232    188092     23101     22500     10230       509      3344      1700    210402   3510801
      1994    127137    232722     61065      6105     11011     77289    244236    179101     33844     25599      9105       589      4750      1680    212619   3510907
      1995    119235    194710     22978      4784      9083     85021    201637    243238     41961     24275     10035       669      3991      1300    200199   3511005
      1996    115437    178907     27962      2943      7019     70403     89184    211181     51431     26411     10743       729      2691       850    201834   3511082
      1997     95388    160981     18663      1886      5429     74423     62530    208614     46639     22493      9909       789      2594       700    207696   3511082
      1998     92401    152715     14831      1199      4223     84361     29412    249912     58131     27683      9837       607      2491       710    206946   3511082
      1999     94931    145169     14362       784      3320     69242     24668    230910     55817     28047      9806       467      2390       631    195938   3511082
      2000     99227    140712     17777       567      2609     74132     18584    229638     55602     26296      8834       328      2295       562    186206   3511082
      2001     81839    117202     12051       450      2069     65195     13253    270443     57190     28001      8669       282      2209       500    181525   3511082
      2002     81408    100258      6019       423      1609     69565     13487    243015     57770     22430      8524       235      2131       445    181887   3511082
      2003     90865    107745      2604       370      1288     69381      8444    252962     48801     23232      7770       189      2057       396    177539   3511082
      2004     78182     87647      5237       378      1046     67383     10874    263062     43847     23348      7653       189      1987       353    174260   3511082
      2005     49490     51552       854       227       785     65000     10874    283408     46641     26458      7518       189      1920       314    168841   3511082
      2006     48471     49808      1119       136       588     58500     10874    297615     48747     34767      6992        49      1834       279    167857   3511082
      2007     47083     46366       911        82       441     52000     10874    311265     50583     39869      6502        49      1752       249    167857   3511082
      2008     45740     43216       806        49       331     45500     10874    324431     52161     39099      6047        49      1675       221    167857   3511082
      2009     44442     40334       754        29       248     39000     10874    337175     53496     38069      5624        49      1601       197    167857   3511082
      2010     42976     36906       377        18       186     32500      7266    349552     54598     36801      5230         0      1521       175    167857   3511082
      2011         0         0         0         0         0         0         0         0         0         0         0         0         0         0         0         0


May 2009); HCFC-22 emissions linearly extended from 1955 backwards to 1938 by M. Meinshausen, 5th August 2009, in order to match 1950 concentrations. Extended beyond 2100 with constant decay/growth rates of 2090-2100. Historical CCl4 emissi


























































































































































































































































































































































































































































































































































































































































































ons have been adapted to match mixing ratio observations by Butler et al. 1999 with emissions starting in 1850. HCFC-142b from 2005 to 2007 adapted to Montzka et al. 2009 with emission growth/decline rates kept the same after 2007.



















































































































































































































































































































































































































































































































































































































































































